Epoch 1/32
----------------------------------------------------------------------------------------------------
train Loss: 0.01135127 Acc: 0.61897881

test Loss: 0.00577586 Acc: 0.84353147

['abyssinian', 'bengal', 'birman', 'bombay', 'british_shorthair', 'egyptian_mau', 'maine_coon', 'persian', 'ragdoll', 'russian_blue', 'siamese', 'sphynx']
 Confusion Matrix:
 [[81  4  0  0  0  1  1  1  1  2  0  2]
 [ 0 87  0  0  0  5  1  0  0  1  0  3]
 [ 1  0 84  0  0  0  0  0  4  0  7  1]
 [ 2  0  1 90  1  0  0  0  0  0  0  1]
 [ 2  0  0  1 65  0  1  1  0 18  1  4]
 [ 3  3  0  0  0 87  1  0  0  1  0  0]
 [ 5  4  0  2  0  2 82  0  2  1  0  1]
 [ 5  1  2  1  2  1  4 72  5  0  0  2]
 [ 1  0  2  0  0  0  0  3 83  1  4  2]
 [ 4  1  0  0  3  3  1  0  1 80  0  2]
 [ 3  0  3  0  1  0  1  0  1  2 79  3]
 [ 6  2  1  0  3  2  3  1  1  1  1 75]]

Epoch 2/32
----------------------------------------------------------------------------------------------------
train Loss: 0.00221909 Acc: 0.93621784

test Loss: 0.00572466 Acc: 0.86451049

['abyssinian', 'bengal', 'birman', 'bombay', 'british_shorthair', 'egyptian_mau', 'maine_coon', 'persian', 'ragdoll', 'russian_blue', 'siamese', 'sphynx']
 Confusion Matrix:
 [[81  3  0  1  0  0  1  1  0  2  2  2]
 [ 2 80  0  0  0  9  1  2  0  2  0  1]
 [ 1  0 76  0  0  1  0  0  4  0 13  2]
 [ 1  0  1 90  0  0  0  0  0  2  1  0]
 [ 0  0  0  2 81  1  0  2  0  3  1  3]
 [ 2  1  0  0  1 88  1  0  0  2  0  0]
 [ 2  1  0  1  0  2 88  1  1  1  0  2]
 [ 1  0  1  1  2  1  3 84  0  1  1  0]
 [ 0  0  2  0  1  2  0  2 84  0  3  2]
 [ 1  1  0  1  6  1  1  0  1 80  0  3]
 [ 3  0  3  0  1  0  0  0  1  3 82  0]
 [ 4  2  1  0  5  2  0  1  2  2  2 75]]

Epoch 3/32
----------------------------------------------------------------------------------------------------
train Loss: 0.00067766 Acc: 0.98172390

test Loss: 0.00622311 Acc: 0.86975524

['abyssinian', 'bengal', 'birman', 'bombay', 'british_shorthair', 'egyptian_mau', 'maine_coon', 'persian', 'ragdoll', 'russian_blue', 'siamese', 'sphynx']
 Confusion Matrix:
 [[83  2  1  0  0  0  0  1  0  4  1  1]
 [ 1 85  0  3  1  0  3  0  0  2  0  2]
 [ 1  0 87  0  0  0  0  0  1  0  7  1]
 [ 0  0  0 93  0  0  0  0  0  2  0  0]
 [ 0  0  0  3 80  0  0  0  0  7  2  1]
 [ 2  1  0  0  1 86  2  0  0  2  0  1]
 [ 2  2  0  2  1  1 87  2  0  0  0  2]
 [ 2  2  1  1  3  0  2 82  0  1  1  0]
 [ 0  1  9  0  0  0  0  1 76  1  5  3]
 [ 1  0  0  2  4  1  0  0  0 82  0  5]
 [ 1  0  8  0  2  0  0  0  1  4 76  1]
 [ 3  2  4  1  3  2  1  0  0  1  1 78]]

Epoch 4/32
----------------------------------------------------------------------------------------------------
train Loss: 0.00023542 Acc: 0.99461634

test Loss: 0.00553407 Acc: 0.88111888

['abyssinian', 'bengal', 'birman', 'bombay', 'british_shorthair', 'egyptian_mau', 'maine_coon', 'persian', 'ragdoll', 'russian_blue', 'siamese', 'sphynx']
 Confusion Matrix:
 [[83  2  0  0  0  1  4  1  0  2  0  0]
 [ 0 89  0  0  2  1  4  0  0  1  0  0]
 [ 1  0 86  0  0  0  0  0  4  0  5  1]
 [ 2  0  1 91  0  0  0  0  0  1  0  0]
 [ 1  0  0  2 82  2  0  0  0  3  1  2]
 [ 1  4  0  0  1 85  4  0  0  0  0  0]
 [ 3  3  0  1  0  0 90  2  0  0  0  0]
 [ 1  2  0  1  2  1  3 83  1  0  1  0]
 [ 0  1  3  1  0  0  1  1 86  1  1  1]
 [ 2  1  0  1 11  1  0  0  0 77  0  2]
 [ 2  0  4  1  2  0  0  0  1  2 81  0]
 [ 7  2  2  0  4  1  1  1  1  1  1 75]]

Epoch 5/32
----------------------------------------------------------------------------------------------------
train Loss: 0.00009087 Acc: 0.99829990

test Loss: 0.00588971 Acc: 0.87150350

['abyssinian', 'bengal', 'birman', 'bombay', 'british_shorthair', 'egyptian_mau', 'maine_coon', 'persian', 'ragdoll', 'russian_blue', 'siamese', 'sphynx']
 Confusion Matrix:
 [[78  3  0  0  0  3  4  1  1  2  1  0]
 [ 0 88  0  0  3  2  1  0  0  1  0  2]
 [ 0  0 88  0  0  0  0  0  6  0  2  1]
 [ 1  0  1 91  0  0  0  0  0  1  0  1]
 [ 1  0  0  2 79  3  0  1  0  3  1  3]
 [ 1  3  0  0  1 87  3  0  0  0  0  0]
 [ 1  2  0  1  0  4 87  2  0  0  0  2]
 [ 1  1  2  2  1  2  5 80  0  0  0  1]
 [ 0  2  5  0  0  0  1  3 83  1  0  1]
 [ 2  1  0  1  8  2  0  0  0 79  0  2]
 [ 1  0  6  0  1  0  0  0  1  3 80  1]
 [ 3  2  2  0  4  1  3  1  1  0  2 77]]

Epoch 6/32
----------------------------------------------------------------------------------------------------
train Loss: 0.00003425 Acc: 0.99965998

test Loss: 0.00575357 Acc: 0.88636364

['abyssinian', 'bengal', 'birman', 'bombay', 'british_shorthair', 'egyptian_mau', 'maine_coon', 'persian', 'ragdoll', 'russian_blue', 'siamese', 'sphynx']
 Confusion Matrix:
 [[81  2  1  0  0  0  6  1  0  1  0  1]
 [ 0 89  0  0  0  0  4  1  0  2  0  1]
 [ 1  0 91  0  0  0  0  0  3  0  1  1]
 [ 0  0  1 91  0  0  0  0  0  3  0  0]
 [ 1  0  0  2 82  1  1  0  0  3  1  2]
 [ 1  2  0  0  1 88  3  0  0  0  0  0]
 [ 1  2  0  1  0  2 89  2  0  0  0  2]
 [ 1  1  1  2  3  0  4 81  1  0  0  1]
 [ 0  1  4  1  0  0  1  2 85  0  0  2]
 [ 3  2  0  0  7  0  0  0  0 80  0  3]
 [ 2  0  4  0  1  0  0  0  1  3 81  1]
 [ 4  2  1  0  3  1  3  1  3  1  1 76]]

Epoch 7/32
----------------------------------------------------------------------------------------------------
train Loss: 0.00001489 Acc: 0.99994333

test Loss: 0.00556189 Acc: 0.88636364

['abyssinian', 'bengal', 'birman', 'bombay', 'british_shorthair', 'egyptian_mau', 'maine_coon', 'persian', 'ragdoll', 'russian_blue', 'siamese', 'sphynx']
 Confusion Matrix:
 [[82  3  0  0  0  0  4  1  0  2  0  1]
 [ 0 89  0  0  0  0  3  1  0  2  0  2]
 [ 1  0 89  0  0  0  0  0  3  0  3  1]
 [ 0  0  1 92  0  0  0  0  0  2  0  0]
 [ 1  0  0  2 82  1  1  0  0  3  1  2]
 [ 1  2  0  0  1 88  3  0  0  0  0  0]
 [ 2  1  0  1  0  3 89  2  0  0  0  1]
 [ 1  1  1  2  2  0  4 81  1  1  0  1]
 [ 0  1  4  1  0  0  1  2 85  0  0  2]
 [ 3  2  0  0  7  0  0  0  0 80  0  3]
 [ 2  0  4  0  1  0  0  0  1  3 81  1]
 [ 4  2  1  0  3  1  3  1  3  1  1 76]]

Epoch 8/32
----------------------------------------------------------------------------------------------------
train Loss: 0.00001187 Acc: 1.00000000

test Loss: 0.00583953 Acc: 0.88461538

['abyssinian', 'bengal', 'birman', 'bombay', 'british_shorthair', 'egyptian_mau', 'maine_coon', 'persian', 'ragdoll', 'russian_blue', 'siamese', 'sphynx']
 Confusion Matrix:
 [[82  2  1  0  0  0  5  1  0  1  0  1]
 [ 0 89  0  0  0  0  3  1  0  2  0  2]
 [ 1  0 90  0  0  0  0  0  3  0  2  1]
 [ 0  0  1 92  0  0  0  0  0  2  0  0]
 [ 1  0  0  2 82  1  1  0  0  3  1  2]
 [ 2  2  0  0  1 87  3  0  0  0  0  0]
 [ 2  1  0  1  0  3 89  2  0  0  0  1]
 [ 1  1  2  2  2  0  4 81  0  1  0  1]
 [ 0  1  5  1  0  0  1  2 84  0  0  2]
 [ 3  2  0  0  8  0  0  0  0 79  0  3]
 [ 2  0  4  0  1  0  0  0  1  3 81  1]
 [ 4  2  1  0  3  1  3  1  3  1  1 76]]

Epoch 9/32
----------------------------------------------------------------------------------------------------
train Loss: 0.00001116 Acc: 1.00000000

test Loss: 0.00542021 Acc: 0.88723776

['abyssinian', 'bengal', 'birman', 'bombay', 'british_shorthair', 'egyptian_mau', 'maine_coon', 'persian', 'ragdoll', 'russian_blue', 'siamese', 'sphynx']
 Confusion Matrix:
 [[82  2  0  0  0  0  5  1  0  2  0  1]
 [ 0 89  0  0  0  0  3  1  0  2  0  2]
 [ 1  0 89  0  0  0  0  0  3  0  3  1]
 [ 0  0  1 92  0  0  0  0  0  2  0  0]
 [ 0  0  0  2 83  1  1  0  0  3  1  2]
 [ 1  2  0  0  1 87  3  0  0  1  0  0]
 [ 2  1  0  1  0  2 90  2  0  0  0  1]
 [ 1  1  0  2  2  0  4 81  1  1  1  1]
 [ 0  1  4  1  0  0  1  3 85  0  0  1]
 [ 3  2  0  0  8  0  0  0  0 79  0  3]
 [ 2  0  4  0  1  0  0  0  1  3 81  1]
 [ 3  2  1  0  3  1  3  1  2  1  2 77]]

Epoch 10/32
----------------------------------------------------------------------------------------------------
train Loss: 0.00000940 Acc: 1.00000000

test Loss: 0.00560690 Acc: 0.88461538

['abyssinian', 'bengal', 'birman', 'bombay', 'british_shorthair', 'egyptian_mau', 'maine_coon', 'persian', 'ragdoll', 'russian_blue', 'siamese', 'sphynx']
 Confusion Matrix:
 [[82  2  0  0  0  0  5  1  0  2  0  1]
 [ 0 89  0  0  1  0  3  0  0  2  0  2]
 [ 1  0 88  0  1  0  0  0  3  0  3  1]
 [ 0  0  1 92  0  0  0  0  0  2  0  0]
 [ 0  0  0  2 83  1  1  0  0  3  1  2]
 [ 1  2  0  0  1 88  3  0  0  0  0  0]
 [ 2  1  0  1  0  3 89  2  0  0  0  1]
 [ 1  0  1  2  3  1  6 79  1  0  0  1]
 [ 0  0  4  1  0  0  1  3 85  0  0  2]
 [ 3  1  0  1  8  0  0  0  0 79  0  3]
 [ 2  0  4  0  1  0  0  0  1  3 81  1]
 [ 3  2  1  0  4  2  3  1  1  1  1 77]]

Epoch 11/32
----------------------------------------------------------------------------------------------------
train Loss: 0.00000920 Acc: 1.00000000

test Loss: 0.00565406 Acc: 0.88286713

['abyssinian', 'bengal', 'birman', 'bombay', 'british_shorthair', 'egyptian_mau', 'maine_coon', 'persian', 'ragdoll', 'russian_blue', 'siamese', 'sphynx']
 Confusion Matrix:
 [[82  2  0  0  0  0  5  1  0  2  0  1]
 [ 0 89  0  0  0  0  3  1  0  2  0  2]
 [ 1  0 87  0  0  0  0  0  4  0  4  1]
 [ 1  0  1 91  0  0  0  0  0  2  0  0]
 [ 1  0  0  2 80  2  1  1  0  3  1  2]
 [ 1  2  0  0  1 88  3  0  0  0  0  0]
 [ 2  1  0  1  0  2 90  2  0  0  0  1]
 [ 1  1  0  2  1  1  4 81  1  1  1  1]
 [ 0  1  4  1  0  0  1  3 85  0  0  1]
 [ 3  3  0  0  7  0  0  0  0 79  0  3]
 [ 2  0  4  0  1  0  0  0  1  3 81  1]
 [ 3  2  1  0  3  1  3  1  3  1  1 77]]

Epoch 12/32
----------------------------------------------------------------------------------------------------
train Loss: 0.00000880 Acc: 1.00000000

test Loss: 0.00550563 Acc: 0.88461538

['abyssinian', 'bengal', 'birman', 'bombay', 'british_shorthair', 'egyptian_mau', 'maine_coon', 'persian', 'ragdoll', 'russian_blue', 'siamese', 'sphynx']
 Confusion Matrix:
 [[82  2  1  0  0  0  5  1  0  1  0  1]
 [ 0 89  0  0  0  0  3  1  0  2  0  2]
 [ 1  0 87  0  0  0  0  0  4  0  4  1]
 [ 1  0  1 92  0  0  0  0  0  1  0  0]
 [ 1  0  0  2 82  2  1  0  0  2  1  2]
 [ 1  2  0  0  1 88  3  0  0  0  0  0]
 [ 2  1  0  1  0  2 90  2  0  0  0  1]
 [ 1  1  0  2  2  1  4 81  1  0  1  1]
 [ 0  1  4  1  0  0  1  3 85  0  0  1]
 [ 3  3  0  0  8  0  0  0  0 78  0  3]
 [ 2  0  4  0  1  0  0  0  1  3 81  1]
 [ 3  2  1  0  3  1  3  1  3  1  1 77]]

Epoch 13/32
----------------------------------------------------------------------------------------------------
train Loss: 0.00000897 Acc: 1.00000000

test Loss: 0.00544338 Acc: 0.88636364

['abyssinian', 'bengal', 'birman', 'bombay', 'british_shorthair', 'egyptian_mau', 'maine_coon', 'persian', 'ragdoll', 'russian_blue', 'siamese', 'sphynx']
 Confusion Matrix:
 [[82  2  1  0  0  0  5  1  0  1  0  1]
 [ 0 89  0  0  0  0  3  1  0  2  0  2]
 [ 1  0 89  0  0  0  0  0  3  0  3  1]
 [ 0  0  1 92  0  0  0  0  0  2  0  0]
 [ 1  0  0  2 81  1  1  0  0  4  1  2]
 [ 1  2  0  0  1 88  3  0  0  0  0  0]
 [ 2  1  0  1  0  3 89  2  0  0  0  1]
 [ 1  0  1  2  1  0  7 80  1  1  0  1]
 [ 0  1  4  1  0  0  1  2 86  0  0  1]
 [ 3  2  0  0  6  0  1  0  0 80  0  3]
 [ 1  0  5  0  1  0  0  0  1  3 81  1]
 [ 3  2  1  0  3  1  3  1  3  1  1 77]]

Epoch 14/32
----------------------------------------------------------------------------------------------------
train Loss: 0.00000914 Acc: 0.99997166

test Loss: 0.00568432 Acc: 0.88811189

['abyssinian', 'bengal', 'birman', 'bombay', 'british_shorthair', 'egyptian_mau', 'maine_coon', 'persian', 'ragdoll', 'russian_blue', 'siamese', 'sphynx']
 Confusion Matrix:
 [[82  2  0  0  0  0  5  1  0  2  0  1]
 [ 0 89  0  0  0  0  3  1  0  2  0  2]
 [ 1  0 89  0  0  0  0  0  3  0  3  1]
 [ 0  0  1 92  0  0  0  0  0  2  0  0]
 [ 0  0  0  2 83  2  1  0  0  2  1  2]
 [ 1  2  0  0  1 88  3  0  0  0  0  0]
 [ 2  1  0  1  0  3 89  2  0  0  0  1]
 [ 1  1  1  2  2  1  4 81  1  0  0  1]
 [ 0  1  4  1  0  0  1  3 85  0  0  1]
 [ 3  3  0  0  7  0  0  0  0 79  0  3]
 [ 1  0  5  0  2  0  0  0  1  3 81  0]
 [ 2  2  1  0  3  1  3  1  3  1  1 78]]

Epoch 15/32
----------------------------------------------------------------------------------------------------
train Loss: 0.00000864 Acc: 0.99997166

test Loss: 0.00556142 Acc: 0.88636364

['abyssinian', 'bengal', 'birman', 'bombay', 'british_shorthair', 'egyptian_mau', 'maine_coon', 'persian', 'ragdoll', 'russian_blue', 'siamese', 'sphynx']
 Confusion Matrix:
 [[82  2  1  0  0  0  5  1  0  1  0  1]
 [ 0 89  0  0  0  0  3  1  0  2  0  2]
 [ 1  0 89  0  0  0  0  0  3  0  3  1]
 [ 0  0  1 92  0  0  0  0  0  2  0  0]
 [ 0  0  0  2 83  2  1  0  0  2  1  2]
 [ 1  2  0  0  1 88  3  0  0  0  0  0]
 [ 2  1  0  1  0  2 90  2  0  0  0  1]
 [ 1  0  1  2  2  0  6 80  1  1  0  1]
 [ 0  0  4  1  0  0  1  3 85  0  0  2]
 [ 3  2  0  0  9  0  0  0  0 78  0  3]
 [ 2  0  4  0  1  0  0  0  1  3 81  1]
 [ 3  2  1  0  3  1  3  1  3  1  1 77]]

Epoch 16/32
----------------------------------------------------------------------------------------------------
train Loss: 0.00000919 Acc: 1.00000000

test Loss: 0.00557987 Acc: 0.88636364

['abyssinian', 'bengal', 'birman', 'bombay', 'british_shorthair', 'egyptian_mau', 'maine_coon', 'persian', 'ragdoll', 'russian_blue', 'siamese', 'sphynx']
 Confusion Matrix:
 [[82  2  0  0  0  0  5  1  0  2  0  1]
 [ 0 89  0  0  0  0  3  1  0  2  0  2]
 [ 1  0 89  0  0  0  0  0  3  0  3  1]
 [ 0  0  1 92  0  0  0  0  0  2  0  0]
 [ 1  0  0  2 81  2  1  0  0  3  1  2]
 [ 1  2  0  0  1 88  3  0  0  0  0  0]
 [ 2  1  0  1  0  3 89  2  0  0  0  1]
 [ 1  0  1  2  2  0  5 81  1  1  0  1]
 [ 0  0  4  1  0  0  1  3 85  0  0  2]
 [ 3  2  0  0  7  0  0  0  0 80  0  3]
 [ 2  0  4  0  1  0  0  0  1  3 81  1]
 [ 3  2  1  0  4  1  3  1  1  1  2 77]]

Epoch 17/32
----------------------------------------------------------------------------------------------------
train Loss: 0.00000849 Acc: 1.00000000

test Loss: 0.00566402 Acc: 0.88636364

['abyssinian', 'bengal', 'birman', 'bombay', 'british_shorthair', 'egyptian_mau', 'maine_coon', 'persian', 'ragdoll', 'russian_blue', 'siamese', 'sphynx']
 Confusion Matrix:
 [[83  2  0  0  0  0  4  1  0  2  0  1]
 [ 0 89  0  0  0  0  3  1  0  2  0  2]
 [ 1  0 88  0  0  0  0  0  3  0  4  1]
 [ 0  0  1 92  0  0  0  0  0  2  0  0]
 [ 1  0  0  2 82  1  1  0  0  3  1  2]
 [ 1  2  0  0  1 87  3  0  0  1  0  0]
 [ 2  1  0  2  0  1 90  2  0  0  0  1]
 [ 1  1  0  2  2  0  4 81  1  1  1  1]
 [ 0  1  4  1  0  0  1  3 85  0  0  1]
 [ 3  3  0  0  7  0  0  0  0 79  0  3]
 [ 2  0  4  0  1  0  0  0  1  3 81  1]
 [ 3  2  1  0  3  1  3  1  2  1  2 77]]

Epoch 18/32
----------------------------------------------------------------------------------------------------
train Loss: 0.00000823 Acc: 1.00000000

test Loss: 0.00551628 Acc: 0.88374126

['abyssinian', 'bengal', 'birman', 'bombay', 'british_shorthair', 'egyptian_mau', 'maine_coon', 'persian', 'ragdoll', 'russian_blue', 'siamese', 'sphynx']
 Confusion Matrix:
 [[82  2  0  0  0  0  5  1  0  2  0  1]
 [ 0 89  0  0  0  0  3  1  0  2  0  2]
 [ 1  0 87  0  0  0  0  0  4  0  4  1]
 [ 0  0  1 92  0  0  0  0  0  2  0  0]
 [ 1  0  0  2 82  1  1  0  0  3  1  2]
 [ 1  2  0  0  1 88  3  0  0  0  0  0]
 [ 2  1  0  1  0  3 89  2  0  0  0  1]
 [ 1  0  0  2  3  0  5 80  1  1  1  1]
 [ 0  0  4  1  0  0  1  3 85  0  0  2]
 [ 3  2  0  0  8  0  0  0  0 79  0  3]
 [ 2  0  4  0  1  0  0  0  1  3 81  1]
 [ 3  2  1  0  3  1  3  1  3  1  1 77]]

Epoch 19/32
----------------------------------------------------------------------------------------------------
train Loss: 0.00000795 Acc: 1.00000000

test Loss: 0.00558727 Acc: 0.88548951

['abyssinian', 'bengal', 'birman', 'bombay', 'british_shorthair', 'egyptian_mau', 'maine_coon', 'persian', 'ragdoll', 'russian_blue', 'siamese', 'sphynx']
 Confusion Matrix:
 [[82  2  0  0  0  0  5  1  0  2  0  1]
 [ 0 89  0  0  0  0  3  1  0  2  0  2]
 [ 1  0 89  0  0  0  0  0  3  0  3  1]
 [ 0  0  1 92  0  0  0  0  0  2  0  0]
 [ 1  0  0  2 81  2  1  0  0  3  1  2]
 [ 1  2  0  0  1 88  3  0  0  0  0  0]
 [ 2  1  0  1  0  3 89  2  0  0  0  1]
 [ 1  1  0  2  2  1  5 80  1  0  1  1]
 [ 0  1  4  1  0  0  1  2 86  0  0  1]
 [ 3  3  0  0  7  0  0  0  0 79  0  3]
 [ 2  0  4  0  1  0  0  0  1  3 81  1]
 [ 3  2  1  0  3  1  3  1  3  1  1 77]]

Epoch 20/32
----------------------------------------------------------------------------------------------------
train Loss: 0.00000880 Acc: 1.00000000

test Loss: 0.00558384 Acc: 0.88548951

['abyssinian', 'bengal', 'birman', 'bombay', 'british_shorthair', 'egyptian_mau', 'maine_coon', 'persian', 'ragdoll', 'russian_blue', 'siamese', 'sphynx']
 Confusion Matrix:
 [[82  2  1  0  0  0  5  1  0  1  0  1]
 [ 0 89  0  0  0  0  3  1  0  2  0  2]
 [ 1  0 89  0  0  0  0  0  3  0  3  1]
 [ 0  0  1 92  0  0  0  0  0  2  0  0]
 [ 0  0  0  2 82  1  1  0  0  4  1  2]
 [ 1  2  0  0  1 88  3  0  0  0  0  0]
 [ 2  1  0  1  0  3 89  2  0  0  0  1]
 [ 1  1  1  2  3  1  5 79  1  0  0  1]
 [ 0  1  4  1  0  0  1  3 85  0  0  1]
 [ 3  3  0  0  7  0  0  0  0 79  0  3]
 [ 1  0  5  0  1  0  0  0  1  3 81  1]
 [ 2  2  1  0  3  1  3  1  3  1  1 78]]

Epoch 21/32
----------------------------------------------------------------------------------------------------
train Loss: 0.00000843 Acc: 1.00000000

test Loss: 0.00556484 Acc: 0.88986014

['abyssinian', 'bengal', 'birman', 'bombay', 'british_shorthair', 'egyptian_mau', 'maine_coon', 'persian', 'ragdoll', 'russian_blue', 'siamese', 'sphynx']
 Confusion Matrix:
 [[82  2  1  0  0  0  5  1  0  1  0  1]
 [ 0 89  0  0  0  0  3  1  0  2  0  2]
 [ 1  0 89  0  0  0  0  0  3  0  3  1]
 [ 0  0  1 93  0  0  0  0  0  1  0  0]
 [ 1  0  0  2 82  1  1  0  0  3  1  2]
 [ 1  2  0  0  1 88  3  0  0  0  0  0]
 [ 2  1  0  2  0  2 89  2  0  0  0  1]
 [ 1  0  1  2  2  0  5 81  1  1  0  1]
 [ 0  0  4  1  0  0  0  2 86  0  0  3]
 [ 3  1  0  1  8  0  0  0  0 79  0  3]
 [ 1  0  5  0  1  0  0  0  1  3 81  1]
 [ 2  2  1  0  3  1  2  1  3  1  1 79]]

Epoch 22/32
----------------------------------------------------------------------------------------------------
train Loss: 0.00000869 Acc: 1.00000000

test Loss: 0.00570793 Acc: 0.88811189

['abyssinian', 'bengal', 'birman', 'bombay', 'british_shorthair', 'egyptian_mau', 'maine_coon', 'persian', 'ragdoll', 'russian_blue', 'siamese', 'sphynx']
 Confusion Matrix:
 [[82  2  0  0  0  0  5  1  0  2  0  1]
 [ 0 89  0  0  0  0  3  1  0  2  0  2]
 [ 1  0 89  0  0  0  0  0  3  0  3  1]
 [ 0  0  1 92  0  0  0  0  0  2  0  0]
 [ 0  0  0  2 83  2  1  0  0  2  1  2]
 [ 1  2  0  0  1 88  3  0  0  0  0  0]
 [ 2  1  0  1  0  2 90  2  0  0  0  1]
 [ 1  1  1  2  2  1  4 81  1  0  0  1]
 [ 0  1  4  1  0  0  1  3 85  0  0  1]
 [ 3  3  0  0  7  0  0  0  0 79  0  3]
 [ 2  0  4  0  1  0  0  0  1  3 81  1]
 [ 3  2  1  0  3  1  3  1  3  1  1 77]]

Epoch 23/32
----------------------------------------------------------------------------------------------------
train Loss: 0.00000823 Acc: 1.00000000

test Loss: 0.00551022 Acc: 0.88723776

['abyssinian', 'bengal', 'birman', 'bombay', 'british_shorthair', 'egyptian_mau', 'maine_coon', 'persian', 'ragdoll', 'russian_blue', 'siamese', 'sphynx']
 Confusion Matrix:
 [[84  1  1  0  0  0  4  1  0  1  0  1]
 [ 0 89  0  0  0  0  3  1  0  2  0  2]
 [ 1  0 88  0  0  0  0  0  4  0  3  1]
 [ 0  0  1 92  0  0  0  0  0  2  0  0]
 [ 1  0  0  2 81  1  1  0  0  4  1  2]
 [ 1  2  0  0  1 87  3  0  0  1  0  0]
 [ 2  1  0  1  0  3 89  2  0  0  0  1]
 [ 1  0  1  2  1  0  6 80  1  2  0  1]
 [ 0  0  4  1  0  0  0  2 86  0  0  3]
 [ 3  2  0  0  7  0  0  0  0 80  0  3]
 [ 1  0  5  0  1  0  0  0  1  3 81  1]
 [ 2  2  1  0  3  1  3  1  3  1  1 78]]

Epoch 24/32
----------------------------------------------------------------------------------------------------
train Loss: 0.00000845 Acc: 1.00000000

test Loss: 0.00561871 Acc: 0.88461538

['abyssinian', 'bengal', 'birman', 'bombay', 'british_shorthair', 'egyptian_mau', 'maine_coon', 'persian', 'ragdoll', 'russian_blue', 'siamese', 'sphynx']
 Confusion Matrix:
 [[82  2  0  0  0  0  5  1  0  2  0  1]
 [ 0 89  0  0  0  0  3  1  0  2  0  2]
 [ 1  0 89  0  0  0  0  0  3  0  3  1]
 [ 0  0  1 92  0  0  0  0  0  2  0  0]
 [ 1  0  0  2 81  1  1  0  0  4  1  2]
 [ 1  2  0  0  1 88  3  0  0  0  0  0]
 [ 2  1  0  1  0  3 89  2  0  0  0  1]
 [ 1  1  1  2  2  1  4 81  1  0  0  1]
 [ 0  1  4  1  0  0  1  3 85  0  0  1]
 [ 3  3  0  0  7  0  0  0  0 79  0  3]
 [ 2  0  4  0  1  0  0  0  1  3 81  1]
 [ 4  2  1  0  3  1  3  1  3  1  1 76]]

Epoch 25/32
----------------------------------------------------------------------------------------------------
train Loss: 0.00000824 Acc: 1.00000000

test Loss: 0.00569614 Acc: 0.88548951

['abyssinian', 'bengal', 'birman', 'bombay', 'british_shorthair', 'egyptian_mau', 'maine_coon', 'persian', 'ragdoll', 'russian_blue', 'siamese', 'sphynx']
 Confusion Matrix:
 [[82  2  0  0  0  0  5  1  0  2  0  1]
 [ 0 89  0  0  0  0  3  1  0  2  0  2]
 [ 1  0 89  0  0  0  0  0  3  0  3  1]
 [ 0  0  1 91  0  0  0  0  0  3  0  0]
 [ 1  0  0  2 81  2  1  0  0  3  1  2]
 [ 1  2  0  0  1 88  3  0  0  0  0  0]
 [ 2  1  0  1  0  1 91  2  0  0  0  1]
 [ 1  0  1  1  2  1  7 79  1  0  0  2]
 [ 0  1  4  1  0  0  1  3 85  0  0  1]
 [ 3  3  0  0  7  0  0  0  0 79  0  3]
 [ 1  0  5  0  1  0  0  0  1  3 81  1]
 [ 2  2  1  0  3  1  3  1  3  1  1 78]]

Epoch 26/32
----------------------------------------------------------------------------------------------------
train Loss: 0.00000816 Acc: 1.00000000

test Loss: 0.00567260 Acc: 0.88811189

['abyssinian', 'bengal', 'birman', 'bombay', 'british_shorthair', 'egyptian_mau', 'maine_coon', 'persian', 'ragdoll', 'russian_blue', 'siamese', 'sphynx']
 Confusion Matrix:
 [[82  2  1  0  0  0  5  1  0  1  0  1]
 [ 0 89  0  0  0  0  3  1  0  2  0  2]
 [ 1  0 89  0  0  0  0  0  3  0  3  1]
 [ 0  0  1 92  0  0  0  0  0  2  0  0]
 [ 1  0  0  2 81  1  1  0  0  4  1  2]
 [ 1  2  0  0  1 88  3  0  0  0  0  0]
 [ 2  1  0  2  0  1 90  2  0  0  0  1]
 [ 1  1  0  2  1  0  5 80  1  2  1  1]
 [ 0  0  4  1  0  0  1  2 86  0  0  2]
 [ 3  2  0  0  7  0  0  0  0 80  0  3]
 [ 1  0  5  0  1  0  0  0  1  3 81  1]
 [ 2  2  1  0  3  1  3  1  3  1  1 78]]

Epoch 27/32
----------------------------------------------------------------------------------------------------
train Loss: 0.00000849 Acc: 1.00000000

test Loss: 0.00573821 Acc: 0.88548951

['abyssinian', 'bengal', 'birman', 'bombay', 'british_shorthair', 'egyptian_mau', 'maine_coon', 'persian', 'ragdoll', 'russian_blue', 'siamese', 'sphynx']
 Confusion Matrix:
 [[83  2  0  0  0  0  4  1  0  2  0  1]
 [ 0 89  0  0  0  0  3  1  0  2  0  2]
 [ 1  0 88  0  0  0  0  0  4  0  3  1]
 [ 0  0  1 91  0  0  0  0  0  3  0  0]
 [ 1  0  0  2 81  1  1  0  0  4  1  2]
 [ 1  2  0  0  1 88  3  0  0  0  0  0]
 [ 2  1  0  1  0  2 90  2  0  0  0  1]
 [ 1  1  0  2  2  0  4 80  1  2  1  1]
 [ 0  1  4  1  0  0  0  3 85  0  0  2]
 [ 3  2  0  0  7  0  0  0  0 80  0  3]
 [ 2  0  4  0  1  0  0  0  1  3 81  1]
 [ 3  2  1  0  3  1  3  1  3  1  1 77]]

Epoch 28/32
----------------------------------------------------------------------------------------------------
train Loss: 0.00000852 Acc: 1.00000000

test Loss: 0.00573098 Acc: 0.88636364

['abyssinian', 'bengal', 'birman', 'bombay', 'british_shorthair', 'egyptian_mau', 'maine_coon', 'persian', 'ragdoll', 'russian_blue', 'siamese', 'sphynx']
 Confusion Matrix:
 [[82  2  1  0  0  0  5  1  0  1  0  1]
 [ 0 89  0  0  0  0  3  1  0  2  0  2]
 [ 1  0 89  0  0  0  0  0  3  0  3  1]
 [ 0  0  1 92  0  0  0  0  0  2  0  0]
 [ 1  0  0  2 81  2  1  0  0  3  1  2]
 [ 1  2  0  0  1 88  3  0  0  0  0  0]
 [ 2  1  0  1  0  2 90  2  0  0  0  1]
 [ 1  0  1  2  1  1  5 81  1  1  0  1]
 [ 0  1  4  1  0  0  1  3 85  0  0  1]
 [ 3  3  0  0  7  0  0  0  1 79  0  2]
 [ 1  0  5  0  1  0  0  0  1  3 81  1]
 [ 3  2  1  0  3  1  3  1  3  1  1 77]]

Epoch 29/32
----------------------------------------------------------------------------------------------------
train Loss: 0.00000823 Acc: 1.00000000

test Loss: 0.00566652 Acc: 0.88636364

['abyssinian', 'bengal', 'birman', 'bombay', 'british_shorthair', 'egyptian_mau', 'maine_coon', 'persian', 'ragdoll', 'russian_blue', 'siamese', 'sphynx']
 Confusion Matrix:
 [[84  1  0  0  0  0  4  1  0  2  0  1]
 [ 0 89  0  0  0  0  3  1  0  2  0  2]
 [ 1  0 89  0  0  0  0  0  3  0  3  1]
 [ 0  0  1 92  0  0  0  0  0  2  0  0]
 [ 1  0  0  2 81  1  1  0  0  4  1  2]
 [ 1  2  0  0  1 87  3  0  0  1  0  0]
 [ 2  1  0  2  0  1 90  2  0  0  0  1]
 [ 1  0  1  2  2  0  5 81  1  1  0  1]
 [ 0  1  4  1  0  0  1  3 85  0  0  1]
 [ 3  2  0  0  8  0  0  0  0 79  0  3]
 [ 2  0  4  0  1  0  0  0  1  3 81  1]
 [ 4  2  1  0  4  1  3  1  2  1  1 76]]

Epoch 30/32
----------------------------------------------------------------------------------------------------
train Loss: 0.00000810 Acc: 1.00000000

test Loss: 0.00552283 Acc: 0.88548951

['abyssinian', 'bengal', 'birman', 'bombay', 'british_shorthair', 'egyptian_mau', 'maine_coon', 'persian', 'ragdoll', 'russian_blue', 'siamese', 'sphynx']
 Confusion Matrix:
 [[83  2  1  0  0  0  4  1  0  1  0  1]
 [ 0 89  0  0  0  0  3  1  0  2  0  2]
 [ 1  0 89  0  0  0  0  0  3  0  3  1]
 [ 0  0  1 92  0  0  0  0  0  2  0  0]
 [ 1  0  0  2 81  1  1  0  0  4  1  2]
 [ 1  2  0  0  1 88  3  0  0  0  0  0]
 [ 2  1  0  1  0  3 89  2  0  0  0  1]
 [ 1  1  1  2  2  0  4 81  1  1  0  1]
 [ 0  1  4  1  0  0  1  3 84  0  0  2]
 [ 3  3  0  0  7  0  0  0  0 79  0  3]
 [ 2  0  4  0  1  0  0  0  1  3 81  1]
 [ 3  2  1  0  3  1  3  1  3  1  1 77]]

Epoch 31/32
----------------------------------------------------------------------------------------------------
train Loss: 0.00000880 Acc: 1.00000000

test Loss: 0.00553477 Acc: 0.88723776

['abyssinian', 'bengal', 'birman', 'bombay', 'british_shorthair', 'egyptian_mau', 'maine_coon', 'persian', 'ragdoll', 'russian_blue', 'siamese', 'sphynx']
 Confusion Matrix:
 [[84  1  0  0  0  0  4  1  0  2  0  1]
 [ 0 89  0  0  1  0  3  0  0  2  0  2]
 [ 1  0 89  0  0  0  0  0  3  0  3  1]
 [ 0  0  1 92  0  0  0  0  0  2  0  0]
 [ 1  0  0  2 82  2  1  0  0  2  1  2]
 [ 1  2  0  0  1 88  3  0  0  0  0  0]
 [ 2  1  0  1  0  3 89  2  0  0  0  1]
 [ 1  0  0  2  3  0  6 79  1  1  1  1]
 [ 0  1  4  1  0  0  1  3 85  0  0  1]
 [ 3  2  0  0  7  0  0  0  0 80  0  3]
 [ 2  0  4  0  1  0  0  0  1  3 81  1]
 [ 3  2  1  0  3  1  3  1  3  1  1 77]]

Epoch 32/32
----------------------------------------------------------------------------------------------------
train Loss: 0.00000839 Acc: 1.00000000

test Loss: 0.00556412 Acc: 0.88461538

['abyssinian', 'bengal', 'birman', 'bombay', 'british_shorthair', 'egyptian_mau', 'maine_coon', 'persian', 'ragdoll', 'russian_blue', 'siamese', 'sphynx']
 Confusion Matrix:
 [[82  2  0  0  0  0  5  1  0  2  0  1]
 [ 0 89  0  0  0  0  3  1  0  2  0  2]
 [ 1  0 88  0  0  0  0  0  4  0  3  1]
 [ 1  0  1 92  0  0  0  0  0  1  0  0]
 [ 1  0  0  2 81  1  1  0  0  4  1  2]
 [ 1  2  0  0  1 87  3  0  0  1  0  0]
 [ 2  1  0  2  0  1 90  2  0  0  0  1]
 [ 1  1  1  2  2  0  5 79  1  2  0  1]
 [ 0  1  4  1  0  0  1  2 86  0  0  1]
 [ 3  2  0  0  7  0  0  0  1 80  0  2]
 [ 1  0  5  0  1  0  0  0  1  3 81  1]
 [ 3  2  1  0  3  1  3  1  3  1  1 77]]


Training complete in 64m 53s
Best val Acc: 0.889860
