Epoch 1/32
----------------------------------------------------------------------------------------------------
train Loss: 0.03023419 Acc: 0.12740809

test Loss: 0.02703950 Acc: 0.22197962

['american_bulldog', 'american_pit_bull_terrier', 'basset_hound', 'beagle', 'boxer', 'chihuahua', 'english_cocker_spaniel', 'english_setter', 'german_shorthaired', 'great_pyrenees', 'havanese', 'japanese_chin', 'keeshond', 'leonberger', 'miniature_pinscher', 'newfoundland', 'pomeranian', 'pug', 'saint_bernard', 'samoyed', 'scottish_terrier', 'shiba_inu', 'staffordshire_bull_terrier', 'wheaten_terrier', 'yorkshire_terrier']
 Confusion Matrix:
 [[ 5  2  2 10  5  0  0  2  0  5  2  4  1  2  0  0  1  0  0  1  1  5  1  4
   1]
 [ 0  1  5  4  7  0  0  0  1  1  2  2  4  0  2  0  2  0  0  0  1  2  2  3
  16]
 [ 0  4  9 12 19  0  0  1  0  0  0  3  0  0  2  0  0  0  0  0  0  3  0  0
   2]
 [ 1  0  1 20 11  0  0  0  2  0  0  1  0  0  0  0  2  1  0  0  0 11  2  0
   3]
 [ 0  2  0  4 18  0  0  0  4  1  0  2  2  1 10  3  0  0  0  0  1  1  0  0
   6]
 [ 1  0  0  8  6  0  0  2  2  2  0  1  1  1  4  0  3  0  0  2  1  6  3  1
  11]
 [ 1  0  1  1  8  0  0  0  2  0  0  2  2  1  8  6  2  1  0  0  4  1  4  1
  10]
 [ 4  4  0  8  2  0  0  3  2  0  0  2  1  0  5  1  1  2  0  0  0  2  0  8
  10]
 [ 0  2  1  1 11  0  0  1 10  0  0  2  3  1  9  2  0  2  0  0  2  0  5  1
   2]
 [ 6  0  0  3  0  0  1  0  0 21  1  2  2  0  1  0  4  0  0  5  0  0  0  6
   3]
 [ 2  0  0  1  4  1  0  2  2  7  0  1  1  1  0  6  1  2  0  0  1  2  5 14
   2]
 [ 6  3  3 13  0  0  0  0  0  2  1 17  0  0  0  1  1  0  0  0  0  1  3  2
   2]
 [ 2  0  0  1  3  0  0  5  0  0  0  2 23  2  1  7  0  1  0  1  0  0  1  2
   4]
 [ 0  2  1  0  4  0  0  1  2  0  0  1  6  9  8  9  1  1  0  0  2  0  5  1
   2]
 [ 0  0  3  1 10  0  0  0  4  0  0  0  1  2 12  8  2  0  0  0  1  1  1  1
   8]
 [ 0  0  1  0  4  0  0  0  3  1  0  1  0  0  5 33  0  0  0  0  5  0  1  0
   1]
 [ 0  0  0  2  0  0  0  0  0  5  0  2  1  0  1  1 16  0  0  0  0 12  1  7
   7]
 [ 1  1  0  2  7  0  0  5  2  0  0  5  7  0  0  2  2 13  0  1  1  1  3  1
   1]
 [ 4  0  8 11  8  0  0  1  0  1  0  5  0  0  0  0  2  1  0  1  0  4  5  3
   1]
 [ 0  1  0  1  0  0  0  1  0 12  0  1  0  0  0  0  3  0  0 21  0  4  0  9
   2]
 [ 0  0  1  2  4  0  0  0  1  2  1  2  5  2  2 15  0  1  0  0 10  0  3  4
   0]
 [ 0  4  1  6  3  0  0  0  0  0  0  1  2  0  2  0  4  0  0  1  0 10  1  8
  12]
 [ 1  1  0  3  9  0  0  0  2  1  0  2  3  1  4  4  2  2  0  1  0  1 12  2
   4]
 [ 0  0  1  1  1  0  0  2  0  4  0  2  5  3  2  1  6  1  0  0  0  2  0 16
   8]
 [ 0  2  1  1  4  0  0  0  1  0  0  0  3  3 11  1  0  1  0  0  0  0  1  0
  26]]

Epoch 2/32
----------------------------------------------------------------------------------------------------
train Loss: 0.02644069 Acc: 0.22573529

test Loss: 0.02244273 Acc: 0.34570597

['american_bulldog', 'american_pit_bull_terrier', 'basset_hound', 'beagle', 'boxer', 'chihuahua', 'english_cocker_spaniel', 'english_setter', 'german_shorthaired', 'great_pyrenees', 'havanese', 'japanese_chin', 'keeshond', 'leonberger', 'miniature_pinscher', 'newfoundland', 'pomeranian', 'pug', 'saint_bernard', 'samoyed', 'scottish_terrier', 'shiba_inu', 'staffordshire_bull_terrier', 'wheaten_terrier', 'yorkshire_terrier']
 Confusion Matrix:
 [[ 6  3  1  3  0  2  0  2  0 13  7 10  0  2  0  0  1  1  0  0  0  0  0  2
   1]
 [ 1  4  3  2  4  5  1  1  6  1  3  0  2  4  0  0  6  1  0  0  0  1  3  2
   5]
 [ 1  3 12 16  4  3  3  0  0  0  0  6  0  1  1  1  1  2  0  0  0  0  0  0
   1]
 [ 0  2  2 20  0  7  2  1  1  0  1  1  0  2  1  0  5  2  0  0  0  1  2  0
   5]
 [ 0  5  2  2  7  1  1  1  7  1  1  2  0 11  2  3  1  4  0  0  0  0  0  1
   3]
 [ 1  0  0  4  1 10  3  2  0  1  5  1  1  4  0  1  8  2  0  0  0  2  3  2
   4]
 [ 2  0  0  0  0  2  4  6  5  0  3  3  2  5  0  8  1  0  0  0  1  0  0  1
  12]
 [ 2  1  0  1  0  2  0  9  1  1 19  0  1  2  0  0  0  2  0  0  0  0  0  7
   7]
 [ 1  1  1  0  1  0  0  1 27  0  1  1  3  4  2  1  0  2  0  0  1  1  4  0
   3]
 [ 3  0  0  0  0  1  0  1  0 21 17  0  0  0  0  0  3  1  0  4  0  0  1  3
   0]
 [ 1  0  0  0  0  2  0  0  0  4 28  1  2  3  0  9  0  1  0  0  1  0  0  2
   1]
 [ 2  0  0  1  0  0  1  0  1  0  3 37  1  2  0  1  1  1  0  0  1  0  0  1
   2]
 [ 0  0  0  1  0  0  0  0  0  0 13  0 32  1  0  5  1  1  0  0  0  0  1  0
   0]
 [ 0  0  0  0  0  0  1  0  3  0  1  0  5 30  0  5  1  5  0  0  0  0  0  2
   2]
 [ 1  4  1  1  4  3  1  0  6  0  0  0  0  5 16  3  1  1  0  0  2  0  4  0
   2]
 [ 0  0  0  1  0  0  0  2  1  0  2  0  2  2  1 40  0  1  0  0  1  0  1  0
   1]
 [ 0  0  0  1  0  0  0  0  0  2  4  1  1  0  0  1 38  0  0  1  0  0  1  0
   5]
 [ 0  0  0  0  0  1  0  1  1  0  5  1  5  1  0  3  0 35  0  0  0  0  0  2
   0]
 [ 4  0  6  6  5  5  0  0  1  1  1 16  0  2  0  0  3  4  0  1  0  0  0  0
   0]
 [ 0  0  0  0  1  2  0  0  0  9  7  0  1  0  0  0  8  0  0 25  0  0  0  1
   1]
 [ 0  0  0  0  1  2  0  1  2  1  6  0  4  2  1 22  0  0  0  0  9  0  1  2
   1]
 [ 0  2  1  4  1  6  0  0  0  1  2  0  2  0  0  1 24  0  0  0  0  5  1  1
   4]
 [ 1  0  1  0  1  4  1  0  4  0  3  3  3  4  5  9  1  1  0  0  3  0  8  0
   3]
 [ 0  0  0  0  0  0  0  0  2  0 18  1  3  3  1  0  4  1  0  0  0  0  1 13
   8]
 [ 0  0  0  1  0  1  1  0  0  0  5  0  2  2  0  2  0  0  0  0  0  0  0  2
  39]]

Epoch 3/32
----------------------------------------------------------------------------------------------------
train Loss: 0.02242066 Acc: 0.34009191

test Loss: 0.01825959 Acc: 0.47379913

['american_bulldog', 'american_pit_bull_terrier', 'basset_hound', 'beagle', 'boxer', 'chihuahua', 'english_cocker_spaniel', 'english_setter', 'german_shorthaired', 'great_pyrenees', 'havanese', 'japanese_chin', 'keeshond', 'leonberger', 'miniature_pinscher', 'newfoundland', 'pomeranian', 'pug', 'saint_bernard', 'samoyed', 'scottish_terrier', 'shiba_inu', 'staffordshire_bull_terrier', 'wheaten_terrier', 'yorkshire_terrier']
 Confusion Matrix:
 [[19  5  2  4  2  1  0  2  0  9  0  5  0  0  0  0  0  0  0  4  0  0  0  1
   0]
 [ 6  4  4  4  6  5  0  1  4  2  1  0  0  0  7  1  0  0  0  1  1  6  1  1
   0]
 [ 1  3 31 12  2  1  0  0  0  0  0  0  0  0  4  0  0  0  0  0  0  1  0  0
   0]
 [ 3  2  6 28  0  0  2  0  0  0  0  1  0  1  2  0  1  0  0  0  0  9  0  0
   0]
 [ 2  6  2  1 25  1  0  0  1  1  0  1  0  4  5  1  0  2  0  0  2  0  1  0
   0]
 [ 2  1  1  5  0 10  1  0  1  2  0  2  0  0 12  0  0  0  0  2  3 10  1  1
   1]
 [ 0  2  1  3  1  1 13  5  4  0  0  5  0  0  3  7  0  1  0  0  4  1  1  1
   2]
 [ 2  0  1  2  0  1  7 11  6  6  0  2  0  0  1  2  0  1  0  0  1  2  1  7
   2]
 [ 0  1  2  0  5  0  2  0 25  0  0  3  0  3  6  3  0  1  0  0  2  1  0  0
   1]
 [ 2  0  0  0  0  0  0  0  0 34  0  2  0  0  0  1  0  2  0 11  0  1  0  2
   0]
 [ 2  1  1  0  0  0  0  1  0 11 18  3  0  1  0  9  0  0  0  0  1  0  0  4
   3]
 [ 0  0  2  4  0  0  0  1  0  0  0 43  0  1  0  1  3  0  0  0  0  0  0  0
   0]
 [ 0  0  0  0  0  0  0  1  0  0  3  3 31  3  1  5  0  1  0  0  1  0  2  1
   3]
 [ 0  0  1  1  3  0  0  0  0  0  0  0  1 39  3  3  1  2  0  0  0  1  0  0
   0]
 [ 0  2  1  0  6  2  0  0  1  0  0  0  0  2 37  2  0  0  0  0  0  0  2  0
   0]
 [ 0  2  1  0  0  0  1  1  0  0  0  0  0  3  1 39  0  0  0  1  5  0  0  0
   1]
 [ 0  0  0  1  0  0  0  0  0  4  0  1  1  1  0  2 25  0  0  4  0 14  0  1
   1]
 [ 2  0  0  0  1  0  0  0  0  3  0  5  0  3  1  0  0 38  0  0  2  0  0  0
   0]
 [ 3  0 10 10  6  1  0  1  1  2  0 16  0  0  1  0  0  0  0  2  0  1  1  0
   0]
 [ 1  0  0  0  0  0  0  0  0  7  0  0  0  0  0  0  0  0  0 46  0  1  0  0
   0]
 [ 0  0  0  0  0  0  1  0  2  6  0  0  0  0  2  4  0  0  0  2 31  2  2  2
   1]
 [ 0  0  1  3  1  2  1  0  1  0  0  0  1  1  4  0  3  0  0  3  0 33  0  1
   0]
 [ 2  3  0  3  3  3  0  1  4  1  0  1  1  1  7  4  0  1  0  1  4  2 12  1
   0]
 [ 2  0  0  0  1  0  2  4  0  7  2  0  1  2  3  0  2  0  0  1  0  0  2 22
   4]
 [ 0  1  0  2  0  0  3  0  0  0  1  0  0  1  5  1  0  0  1  0  0  0  0  3
  37]]

Epoch 4/32
----------------------------------------------------------------------------------------------------
train Loss: 0.01875430 Acc: 0.44716912

test Loss: 0.02065085 Acc: 0.43813683

['american_bulldog', 'american_pit_bull_terrier', 'basset_hound', 'beagle', 'boxer', 'chihuahua', 'english_cocker_spaniel', 'english_setter', 'german_shorthaired', 'great_pyrenees', 'havanese', 'japanese_chin', 'keeshond', 'leonberger', 'miniature_pinscher', 'newfoundland', 'pomeranian', 'pug', 'saint_bernard', 'samoyed', 'scottish_terrier', 'shiba_inu', 'staffordshire_bull_terrier', 'wheaten_terrier', 'yorkshire_terrier']
 Confusion Matrix:
 [[ 9  2  1 13  1  9  0  0  0  5  0  7  0  1  0  0  4  0  0  0  1  0  0  1
   0]
 [ 0  7  1 14  5 10  0  1  0  1  0  1  0  2  0  0  9  1  0  0  0  2  1  0
   0]
 [ 1  1 10 35  1  2  0  0  0  0  0  3  0  1  0  0  1  0  0  0  0  0  0  0
   0]
 [ 0  0  1 41  0  1  0  0  0  0  0  0  0  0  0  0  7  1  0  0  0  2  0  2
   0]
 [ 1  1  1  9 25  1  1  0  0  0  0  2  0  7  0  0  1  4  0  0  0  1  0  1
   0]
 [ 1  1  2  5  0 22  0  0  0  0  1  1  3  0  1  0 11  1  0  0  1  4  0  0
   1]
 [ 0  1  3  4  3  2  6  5  0  0  0  6  2  7  0  5  4  0  0  0  1  0  0  5
   1]
 [ 0  1  2  9  0  6  0 16  0  1  1  3  1  3  0  0  2  1  0  0  0  1  0  8
   0]
 [ 1  2  7  8  3  1  2  6  9  0  0  3  1  9  2  0  0  0  1  0  0  0  0  0
   0]
 [ 1  0  0  0  0  0  0  1  0 30  2  1  1  0  0  0 13  1  0  2  0  0  0  3
   0]
 [ 0  0  0  0  1  1  0  0  0  1 24  5  3  6  0  3  3  0  0  0  0  0  0  7
   1]
 [ 0  0  0  2  0  0  0  0  0  0  0 46  0  0  0  0  6  0  0  0  0  0  0  1
   0]
 [ 0  0  0  0  1  0  0  0  0  0  1  0 47  3  1  1  0  0  0  0  0  0  0  1
   0]
 [ 0  0  0  4  0  0  1  0  0  0  0  0  1 45  0  1  2  0  0  0  0  1  0  0
   0]
 [ 0  1  4  5  1  5  1  0  1  0  0  1  0  3 28  1  0  0  0  0  0  2  1  0
   1]
 [ 0  0  1  0  0  0  0  2  0  0  1  3  2 21  2 22  1  0  0  0  0  0  0  0
   0]
 [ 0  0  0  0  0  0  0  0  0  0  0  1  2  0  0  1 50  0  0  0  0  1  0  0
   0]
 [ 0  0  0  1  2  1  0  0  0  0  1  5  2  2  0  0  0 39  1  1  0  0  0  0
   0]
 [ 2  0  3 14  4  1  0  0  0  0  0 26  0  0  0  0  4  0  0  0  0  1  0  0
   0]
 [ 0  0  0  0  0  0  0  0  0  7  1  0  1  0  0  0 18  0  0 25  1  1  0  1
   0]
 [ 0  2  1  1  6  1  1  1  1  0  0  3  8  3  2  3  1  1  0  0 18  1  0  1
   0]
 [ 0  0  0  7  0  4  0  0  0  0  0  0  1  1  1  0 24  0  0  0  0 17  0  0
   0]
 [ 3  2  4  9  5  5  2  1  1  0  0  3  3  2  1  0  1  3  0  0  0  1  8  0
   1]
 [ 0  0  0  2  2  2  0  2  1  1  4  0  0  5  1  0  5  0  0  0  0  0  0 27
   3]
 [ 0  0  1  2  1  0  0  0  0  0  0  1  0  3  0  0 10  0  0  0  0  0  0  6
  31]]

Epoch 5/32
----------------------------------------------------------------------------------------------------
train Loss: 0.01595650 Acc: 0.53036765

test Loss: 0.01545813 Acc: 0.56695779

['american_bulldog', 'american_pit_bull_terrier', 'basset_hound', 'beagle', 'boxer', 'chihuahua', 'english_cocker_spaniel', 'english_setter', 'german_shorthaired', 'great_pyrenees', 'havanese', 'japanese_chin', 'keeshond', 'leonberger', 'miniature_pinscher', 'newfoundland', 'pomeranian', 'pug', 'saint_bernard', 'samoyed', 'scottish_terrier', 'shiba_inu', 'staffordshire_bull_terrier', 'wheaten_terrier', 'yorkshire_terrier']
 Confusion Matrix:
 [[22  6  3  3  0  2  0  1  0  5  0  2  0  0  0  0  0  0  0  0  1  0  9  0
   0]
 [ 3 13  3  4  1  1  1  1  2  3  1  1  0  2  5  0  0  1  0  0  0  2 10  0
   1]
 [ 0  2 31  9  0  0  0  2  4  0  0  1  0  0  1  0  0  0  0  0  0  0  5  0
   0]
 [ 3  0  6 31  0  1  4  1  2  0  0  2  0  0  0  0  0  0  0  0  0  3  2  0
   0]
 [ 1  6  7  1 22  0  0  0  1  0  0  1  0  6  4  0  0  1  0  0  1  1  3  0
   0]
 [ 3  3  1  5  0 17  0  0  1  0  1  2  0  0 12  0  1  1  1  0  4  2  1  0
   0]
 [ 0  0  1  0  0  0 19  9  5  0  2  1  1  1  3  5  0  0  0  0  3  0  3  1
   1]
 [ 2  1  2  1  0  1  2 32  3  3  0  0  0  1  0  0  0  1  0  0  4  0  2  0
   0]
 [ 0  1  2  0  0  0  0  2 36  0  0  0  0  1  2  2  0  1  0  0  1  0  6  1
   0]
 [ 1  0  0  0  0  0  0  0  2 44  0  1  0  0  0  0  0  0  0  6  0  1  0  0
   0]
 [ 0  0  0  0  0  0  0  1  1  2 36  2  1  0  1  7  0  0  0  0  2  0  0  2
   0]
 [ 0  0  2  1  0  0  1  0  0  1  1 47  0  0  0  0  1  0  0  0  0  0  1  0
   0]
 [ 0  0  0  0  0  0  0  1  1  0  0  0 45  2  0  0  0  1  0  0  0  0  3  0
   2]
 [ 0  0  0  1  1  0  2  0  1  0  0  0  2 41  2  2  0  0  0  0  0  0  1  2
   0]
 [ 0  1  2  1  3  0  0  0  3  0  0  0  0  0 37  1  0  0  0  0  0  0  7  0
   0]
 [ 0  0  0  0  0  0  0  1  2  0  2  0  0  4  2 37  0  0  0  0  6  0  1  0
   0]
 [ 0  0  0  2  1  0  0  0  0  0  2  0  0  1  1  2 40  0  0  1  0  2  0  0
   3]
 [ 1  0  0  0  2  0  0  2  1  1  1  2  0  3  0  0  0 40  1  1  0  0  0  0
   0]
 [ 3  0 19  4  4  0  0  2  3  1  1 12  0  0  0  0  0  0  0  0  0  2  4  0
   0]
 [ 1  0  0  0  0  0  0  0  0 10  0  0  0  0  0  0  0  0  0 41  0  3  0  0
   0]
 [ 1  0  1  0  0  0  1  0  3  1  3  0  4  2  3  2  0  0  0  1 32  1  0  0
   0]
 [ 0  0  4  4  0  1  0  0  0  2  0  2  0  1  3  0  2  0  1  1  0 33  1  0
   0]
 [ 2  4  2  4  0  0  0  1  5  1  0  2  0  2  3  0  0  1  0  0  3  0 25  0
   0]
 [ 0  0  0  0  0  1  1  5  4  4  9  0  0  1  1  0  0  0  1  1  1  1  2 19
   4]
 [ 0  1  0  1  0  0  2  1  0  0  2  0  0  1  4  1  0  0  0  0  1  0  0  2
  39]]

Epoch 6/32
----------------------------------------------------------------------------------------------------
train Loss: 0.01376618 Acc: 0.59652574

test Loss: 0.01472734 Acc: 0.59970888

['american_bulldog', 'american_pit_bull_terrier', 'basset_hound', 'beagle', 'boxer', 'chihuahua', 'english_cocker_spaniel', 'english_setter', 'german_shorthaired', 'great_pyrenees', 'havanese', 'japanese_chin', 'keeshond', 'leonberger', 'miniature_pinscher', 'newfoundland', 'pomeranian', 'pug', 'saint_bernard', 'samoyed', 'scottish_terrier', 'shiba_inu', 'staffordshire_bull_terrier', 'wheaten_terrier', 'yorkshire_terrier']
 Confusion Matrix:
 [[29  1  5  1  0  3  4  3  0  2  0  3  0  0  0  0  0  1  0  0  0  0  2  0
   0]
 [ 4  7  1  4  2 10  1  3  5  0  2  0  1  2  5  1  1  1  0  0  0  2  1  1
   1]
 [ 1  0 26 14  2  1  1  3  1  0  0  3  0  0  1  1  0  0  0  0  0  0  1  0
   0]
 [ 1  0  8 28  0  2  3  3  0  0  0  1  0  0  0  0  1  0  0  0  1  2  1  4
   0]
 [ 2  0  0  3 27  1  0  1  2  0  1  2  0  7  3  2  0  2  0  0  0  1  1  0
   0]
 [ 3  0  0  0  0 27  0  3  0  0  3  1  2  0  7  0  0  0  0  0  1  5  0  0
   3]
 [ 0  0  0  0  0  0 30  8  0  0  1  2  0  0  1  7  0  0  0  0  3  0  0  2
   1]
 [ 0  0  0  1  0  2  5 41  1  0  0  0  0  0  0  1  0  0  0  0  0  0  0  1
   3]
 [ 0  1  1  0  2  1  5  4 21  0  0  1  0  2  3  7  0  0  0  0  1  2  2  1
   1]
 [ 0  0  0  0  0  0  0  4  0 45  0  2  0  0  0  0  0  0  0  0  1  0  0  3
   0]
 [ 0  0  0  0  0  0  0  1  0  1 31  2  0  0  0  6  0  0  0  0  3  0  0  8
   3]
 [ 0  0  0  0  0  0  0  1  0  0  0 51  0  0  0  0  1  0  0  0  0  0  0  1
   1]
 [ 0  0  0  0  0  0  1  2  0  0  3  2 39  1  1  0  2  0  0  0  2  0  0  0
   2]
 [ 0  0  0  0  0  0  1  2  0  0  0  1  2 41  1  4  0  0  0  0  1  0  0  0
   2]
 [ 0  0  1  1  4  5  0  0  0  0  0  0  0  0 38  1  0  0  0  0  1  0  3  0
   1]
 [ 0  0  0  0  0  0  4  2  0  0  1  0  1  1  1 43  0  0  0  1  1  0  0  0
   0]
 [ 0  0  0  0  0  2  0  0  0  0  0  2  1  0  0  1 43  0  0  0  0  3  0  0
   3]
 [ 0  0  0  0  0  0  0  3  0  2  1  3  1  0  0  2  0 41  0  0  2  0  0  0
   0]
 [ 6  0 11  3  6  1  1  7  0  1  0 12  0  0  0  0  1  0  1  0  0  0  5  0
   0]
 [ 2  0  0  0  0  1  1  2  0 10  0  0  0  1  0  0  0  0  0 36  2  0  0  0
   0]
 [ 0  0  0  0  0  0  5  0  0  0  1  2  1  0  0  2  1  0  0  0 40  1  0  2
   0]
 [ 0  1  2  3  0  3  0  1  0  0  0  0  0  1  2  0  4  0  0  0  1 35  0  1
   1]
 [ 2  2  0  3  3  2  2  2  0  1  4  1  2  0  2  4  0  1  0  1  4  0 17  1
   1]
 [ 0  0  0  0  1  2  1  6  2  1  0  0  0  2  0  0  0  0  1  0  0  0  0 36
   3]
 [ 0  0  0  0  0  0  1  0  0  0  0  1  1  0  0  0  0  0  0  0  0  0  0  1
  51]]

Epoch 7/32
----------------------------------------------------------------------------------------------------
train Loss: 0.01067583 Acc: 0.69018382

test Loss: 0.01204334 Acc: 0.66302766

['american_bulldog', 'american_pit_bull_terrier', 'basset_hound', 'beagle', 'boxer', 'chihuahua', 'english_cocker_spaniel', 'english_setter', 'german_shorthaired', 'great_pyrenees', 'havanese', 'japanese_chin', 'keeshond', 'leonberger', 'miniature_pinscher', 'newfoundland', 'pomeranian', 'pug', 'saint_bernard', 'samoyed', 'scottish_terrier', 'shiba_inu', 'staffordshire_bull_terrier', 'wheaten_terrier', 'yorkshire_terrier']
 Confusion Matrix:
 [[36  3  1  2  1  2  1  0  0  2  0  1  0  0  1  0  0  1  1  0  0  0  2  0
   0]
 [ 8 18  2  3  2  7  0  0  2  0  0  0  0  1  3  0  1  1  0  0  0  2  4  1
   0]
 [ 0  2 35 11  2  0  1  0  1  0  0  0  0  0  1  0  0  0  0  0  0  0  2  0
   0]
 [ 2  3  5 37  2  2  1  0  1  0  0  0  0  0  0  0  1  0  0  0  0  0  0  1
   0]
 [ 2  2  1  2 34  0  0  0  0  0  0  1  0  2  3  0  0  3  0  0  1  1  3  0
   0]
 [ 2  1  0  0  0 35  0  1  1  0  0  1  0  0  7  0  0  0  0  0  1  3  3  0
   0]
 [ 0  0  3  0  0  0 30  8  5  0  0  1  0  0  0  5  0  0  0  0  2  0  0  1
   0]
 [ 1  1  1  1  0  0  8 36  2  0  0  0  1  0  0  0  0  0  1  0  2  1  0  0
   0]
 [ 0  1  3  1  2  0  1  2 38  0  0  0  0  0  2  0  0  1  0  0  1  0  2  0
   1]
 [ 3  0  0  0  0  0  0  0  1 45  0  1  0  0  0  0  1  0  0  3  0  0  0  1
   0]
 [ 1  0  0  0  0  0  1  2  1  0 34  2  0  0  0  6  0  1  0  0  2  0  0  4
   1]
 [ 0  0  1  0  0  0  1  0  0  1  0 50  0  1  0  0  1  0  0  0  0  0  0  0
   0]
 [ 0  0  0  0  1  0  0  1  0  0  2  0 45  1  1  1  0  0  0  1  2  0  0  0
   0]
 [ 0  0  0  0  1  0  1  1  1  0  0  1  1 41  0  5  0  1  1  0  0  0  1  0
   0]
 [ 0  2  1  2  5  6  0  0  0  0  0  0  0  0 35  0  0  0  0  0  0  0  3  0
   1]
 [ 0  1  0  0  0  0  1  2  0  0  0  0  0  3  1 44  0  0  0  1  2  0  0  0
   0]
 [ 0  0  0  0  1  1  2  0  0  0  0  0  1  0  0  1 47  0  0  0  0  2  0  0
   0]
 [ 3  0  0  0  2  0  0  0  0  2  0  0  0  0  0  1  0 46  1  0  0  0  0  0
   0]
 [12  1 12  4 11  0  0  4  0  0  0  7  0  0  2  0  0  0  0  0  0  1  1  0
   0]
 [ 1  0  0  0  0  0  1  0  0  5  0  0  0  1  0  0  0  0  0 47  0  0  0  0
   0]
 [ 1  0  0  0  1  0  1  0  1  1  2  1  1  0  0  1  0  0  0  1 40  2  2  0
   0]
 [ 0  0  4  1  1  1  0  0  1  0  0  0  0  1  1  0  3  1  0  2  0 39  0  0
   0]
 [ 4  6  0  4  5  1  0  1  3  0  0  1  0  0  1  1  1  0  0  1  1  0 24  0
   1]
 [ 1  1  0  0  1  1  1  3  3  1  4  0  0  1  1  0  0  0  2  0  4  0  0 29
   2]
 [ 0  0  1  0  0  0  1  0  0  0  0  0  0  0  0  0  0  0  1  0  1  0  1  4
  46]]

Epoch 8/32
----------------------------------------------------------------------------------------------------
train Loss: 0.00974713 Acc: 0.71470588

test Loss: 0.01190681 Acc: 0.66084425

['american_bulldog', 'american_pit_bull_terrier', 'basset_hound', 'beagle', 'boxer', 'chihuahua', 'english_cocker_spaniel', 'english_setter', 'german_shorthaired', 'great_pyrenees', 'havanese', 'japanese_chin', 'keeshond', 'leonberger', 'miniature_pinscher', 'newfoundland', 'pomeranian', 'pug', 'saint_bernard', 'samoyed', 'scottish_terrier', 'shiba_inu', 'staffordshire_bull_terrier', 'wheaten_terrier', 'yorkshire_terrier']
 Confusion Matrix:
 [[36  3  1  1  0  3  1  0  0  4  0  0  0  0  1  0  0  1  1  0  0  0  2  0
   0]
 [ 7 17  1  1  3  7  0  0  3  0  0  0  0  1  4  0  1  1  0  0  1  2  5  1
   0]
 [ 0  2 34  9  1  0  2  0  2  0  0  0  0  0  1  0  0  0  0  0  0  0  3  0
   1]
 [ 2  1  5 36  1  3  3  1  0  0  0  0  0  0  0  0  1  0  0  0  0  1  0  1
   0]
 [ 3  0  1  2 32  0  0  0  2  0  0  1  0  3  4  0  0  3  0  0  1  1  2  0
   0]
 [ 1  2  0  0  0 34  0  1  1  0  0  0  1  0  6  0  1  0  0  0  1  3  3  0
   1]
 [ 0  0  1  0  0  0 33  5  4  0  1  0  1  0  0  6  0  1  0  0  2  0  0  1
   0]
 [ 2  2  0  0  0  0  9 34  2  1  0  0  1  0  0  0  0  0  0  0  2  1  0  1
   0]
 [ 1  2  1  2  2  0  2  1 34  0  0  0  0  1  2  0  0  1  0  0  2  0  3  0
   1]
 [ 2  0  0  0  0  0  0  0  1 45  1  0  0  0  0  0  1  0  0  4  0  0  0  1
   0]
 [ 0  0  0  0  0  0  2  1  0  1 36  1  0  0  0  5  0  1  0  0  2  0  0  5
   1]
 [ 0  0  0  0  0  0  0  0  1  1  1 49  0  1  0  0  1  0  0  0  0  0  1  0
   0]
 [ 0  0  0  0  0  0  0  0  0  0  2  0 48  1  1  1  0  0  0  0  2  0  0  0
   0]
 [ 1  0  0  0  1  0  1  1  2  0  1  0  2 40  1  3  1  0  1  0  0  0  0  0
   0]
 [ 0  1  2  2  3  5  0  0  1  0  0  0  0  0 35  0  0  0  0  0  0  0  5  0
   1]
 [ 0  1  0  0  0  0  1  2  0  0  1  0  0  2  1 42  0  0  0  1  4  0  0  0
   0]
 [ 0  0  0  0  1  1  0  0  0  0  1  0  2  0  0  1 44  0  0  1  0  2  0  0
   2]
 [ 3  0  0  0  1  0  0  0  1  1  0  0  0  0  0  1  0 47  1  0  0  0  0  0
   0]
 [15  0 10  4 12  0  1  4  0  0  0  3  0  0  2  0  0  0  0  0  0  1  3  0
   0]
 [ 1  0  0  0  0  0  1  0  0  4  0  0  0  1  0  0  0  0  0 48  0  0  0  0
   0]
 [ 1  0  0  0  1  0  1  0  1  1  5  0  1  0  0  1  1  0  0  1 39  0  2  0
   0]
 [ 0  0  3  0  1  1  1  0  1  1  0  0  0  1  3  0  3  1  0  1  0 38  0  0
   0]
 [ 6  8  0  3  3  0  0  0  3  0  1  0  1  0  1  0  1  1  0  1  1  0 23  1
   1]
 [ 1  0  0  0  0  1  2  1  3  1  2  0  0  1  1  0  0  0  1  0  3  1  0 35
   2]
 [ 0  0  1  0  0  0  1  0  0  0  0  0  0  0  0  0  0  0  0  0  1  0  1  2
  49]]

Epoch 9/32
----------------------------------------------------------------------------------------------------
train Loss: 0.00928127 Acc: 0.73189338

test Loss: 0.01187050 Acc: 0.66593886

['american_bulldog', 'american_pit_bull_terrier', 'basset_hound', 'beagle', 'boxer', 'chihuahua', 'english_cocker_spaniel', 'english_setter', 'german_shorthaired', 'great_pyrenees', 'havanese', 'japanese_chin', 'keeshond', 'leonberger', 'miniature_pinscher', 'newfoundland', 'pomeranian', 'pug', 'saint_bernard', 'samoyed', 'scottish_terrier', 'shiba_inu', 'staffordshire_bull_terrier', 'wheaten_terrier', 'yorkshire_terrier']
 Confusion Matrix:
 [[36  4  1  2  1  5  1  0  0  2  0  0  0  0  0  0  0  0  1  0  0  0  1  0
   0]
 [ 6 20  3  2  3  5  0  0  1  0  0  0  0  1  4  0  0  1  0  0  1  3  4  1
   0]
 [ 0  1 40  7  1  0  1  0  2  0  0  0  0  0  1  0  0  0  0  0  0  0  2  0
   0]
 [ 2  2  7 37  1  3  1  0  1  0  0  0  0  0  0  0  0  0  0  0  0  0  0  1
   0]
 [ 3  1  2  2 33  0  0  0  2  0  0  1  0  1  4  0  0  3  0  0  1  0  2  0
   0]
 [ 2  2  0  0  0 35  0  1  1  0  0  0  0  0  5  0  0  0  1  0  1  4  3  0
   0]
 [ 0  0  0  0  0  0 32  6  6  0  0  0  1  0  1  4  0  0  1  0  2  0  0  1
   1]
 [ 1  1  0  0  0  0  8 38  3  0  0  0  1  0  0  0  0  0  0  0  1  1  0  1
   0]
 [ 1  2  2  2  3  0  1  2 34  0  0  0  0  1  3  1  0  0  0  0  0  0  1  1
   1]
 [ 4  1  0  0  0  0  0  0  1 43  0  1  0  0  0  0  1  0  0  4  0  0  0  0
   0]
 [ 1  0  0  0  0  0  1  2  2  0 36  1  0  0  0  4  0  1  0  0  1  0  0  5
   1]
 [ 0  0  1  0  0  0  1  0  1  1  0 49  0  1  0  0  1  0  0  0  0  0  0  0
   0]
 [ 0  0  0  0  1  1  1  1  0  0  0  0 42  2  1  0  1  0  0  1  2  0  0  1
   1]
 [ 0  0  0  0  2  0  0  1  2  0  0  0  1 41  1  4  1  0  1  0  0  1  0  0
   0]
 [ 0  1  2  2  4  4  0  0  0  0  0  0  0  0 36  0  0  0  0  0  0  0  5  0
   1]
 [ 0  1  0  0  0  0  1  1  1  0  1  0  0  3  1 43  0  0  0  1  2  0  0  0
   0]
 [ 0  0  0  0  1  2  2  0  0  0  0  0  1  0  0  1 45  0  0  1  0  2  0  0
   0]
 [ 4  0  0  0  3  0  0  1  0  1  0  0  0  1  0  0  0 44  0  0  0  0  1  0
   0]
 [12  2 12  5 14  1  1  3  1  0  0  4  0  0  0  0  0  0  0  0  0  0  0  0
   0]
 [ 1  0  0  0  0  1  1  0  0  4  0  0  0  1  0  0  0  0  0 47  0  0  0  0
   0]
 [ 1  0  0  1  1  0  1  0  1  1  2  1  0  0  1  1  1  0  0  1 40  0  2  0
   0]
 [ 0  1  3  1  1  1  0  0  0  0  0  0  0  1  1  0  3  1  1  1  0 40  0  0
   0]
 [ 5  6  0  3  7  1  0  0  2  0  1  0  1  0  1  0  1  1  1  2  1  0 22  0
   0]
 [ 1  1  0  0  0  1  0  2  2  1  1  0  1  1  1  0  0  0  2  0  2  1  0 34
   4]
 [ 0  0  1  0  0  0  1  0  0  0  0  0  0  1  1  0  0  0  0  0  1  0  1  1
  48]]

Epoch 10/32
----------------------------------------------------------------------------------------------------
train Loss: 0.00905531 Acc: 0.73643382

test Loss: 0.01189981 Acc: 0.67394469

['american_bulldog', 'american_pit_bull_terrier', 'basset_hound', 'beagle', 'boxer', 'chihuahua', 'english_cocker_spaniel', 'english_setter', 'german_shorthaired', 'great_pyrenees', 'havanese', 'japanese_chin', 'keeshond', 'leonberger', 'miniature_pinscher', 'newfoundland', 'pomeranian', 'pug', 'saint_bernard', 'samoyed', 'scottish_terrier', 'shiba_inu', 'staffordshire_bull_terrier', 'wheaten_terrier', 'yorkshire_terrier']
 Confusion Matrix:
 [[28  4  1  2  1  2  0  1  0  5  0  2  0  0  1  0  0  0  1  1  0  0  2  1
   2]
 [ 5 21  2  2  2  4  0  0  2  0  1  0  0  1  4  0  2  1  0  0  0  1  6  1
   0]
 [ 0  2 39  6  0  0  1  0  3  0  0  1  0  0  1  0  0  0  0  0  0  0  1  0
   1]
 [ 2  1  8 35  1  1  3  0  0  0  1  0  0  0  0  0  1  0  0  0  0  0  1  1
   0]
 [ 1  1  1  2 32  0  1  0  3  0  0  1  0  1  4  0  0  3  0  0  1  1  2  1
   0]
 [ 0  2  0  0  0 33  0  1  1  0  0  2  0  0  7  0  1  1  0  0  1  2  3  0
   1]
 [ 0  0  2  0  0  0 30  7  4  0  2  0  1  0  0  4  0  0  0  0  3  0  1  1
   0]
 [ 1  0  0  0  0  0  8 39  2  0  0  0  1  0  0  0  0  0  0  0  1  1  0  1
   1]
 [ 0  1  1  2  1  0  1  3 36  0  0  0  0  1  2  0  0  0  0  0  2  0  4  0
   1]
 [ 0  1  0  0  0  0  0  0  1 48  1  0  0  0  0  0  0  0  0  4  0  0  0  0
   0]
 [ 0  0  0  0  0  0  1  1  1  0 40  1  0  0  0  4  0  1  0  0  2  0  0  3
   1]
 [ 0  0  0  0  0  0  0  0  2  0  2 49  0  0  0  0  2  0  0  0  0  0  0  0
   0]
 [ 0  0  0  0  0  0  1  0  1  0  1  0 44  1  1  1  1  0  0  1  2  0  0  1
   0]
 [ 0  0  0  0  1  0  0  2  0  0  0  0  3 39  1  7  1  0  1  0  0  0  0  0
   0]
 [ 0  2  3  0  2  2  1  0  0  0  0  0  1  0 38  0  0  0  0  0  0  1  4  0
   1]
 [ 0  0  0  0  0  0  0  2  0  0  0  0  0  3  1 47  0  0  0  1  1  0  0  0
   0]
 [ 0  0  0  0  1  1  2  0  0  0  1  0  1  0  0  1 45  0  0  2  0  1  0  0
   0]
 [ 2  0  0  0  1  0  0  1  0  0  1  0  0  0  0  2  0 48  0  0  0  0  0  0
   0]
 [10  1  6  4 14  0  1  8  1  0  0  6  0  1  1  0  0  0  1  0  0  0  1  0
   0]
 [ 1  0  0  0  0  0  1  0  0  3  0  0  0  0  0  0  0  0  0 49  0  1  0  0
   0]
 [ 1  0  0  0  1  0  1  0  1  2  3  0  0  0  0  1  1  0  0  0 42  0  2  0
   0]
 [ 0  1  2  0  1  1  1  1  0  1  0  0  0  0  2  1  4  1  1  0  0 38  0  0
   0]
 [ 5  5  0  3  4  1  0  0  2  0  1  1  0  0  1  0  1  1  1  2  1  0 25  0
   1]
 [ 0  1  0  0  1  1  0  1  2  1  5  0  1  1  1  0  0  0  1  0  3  1  0 30
   5]
 [ 0  0  1  0  0  0  1  0  0  0  0  0  0  0  0  0  0  0  0  0  1  0  0  2
  50]]

Epoch 11/32
----------------------------------------------------------------------------------------------------
train Loss: 0.00859911 Acc: 0.74689338

test Loss: 0.01265418 Acc: 0.66666667

['american_bulldog', 'american_pit_bull_terrier', 'basset_hound', 'beagle', 'boxer', 'chihuahua', 'english_cocker_spaniel', 'english_setter', 'german_shorthaired', 'great_pyrenees', 'havanese', 'japanese_chin', 'keeshond', 'leonberger', 'miniature_pinscher', 'newfoundland', 'pomeranian', 'pug', 'saint_bernard', 'samoyed', 'scottish_terrier', 'shiba_inu', 'staffordshire_bull_terrier', 'wheaten_terrier', 'yorkshire_terrier']
 Confusion Matrix:
 [[36  6  2  0  0  2  1  1  0  2  0  0  0  0  0  0  0  1  0  0  0  0  2  1
   0]
 [ 8 20  1  1  3  2  0  0  1  0  0  0  0  3  3  0  0  1  0  0  1  2  8  1
   0]
 [ 0  2 37  3  4  0  0  0  2  0  0  0  0  0  1  1  0  0  0  0  0  0  4  0
   1]
 [ 2  4  6 31  2  2  2  1  1  0  0  0  0  0  0  0  0  0  0  0  0  0  3  1
   0]
 [ 4  2  1  1 34  0  0  0  2  0  0  0  0  2  3  0  0  3  0  0  1  0  2  0
   0]
 [ 1  3  0  0  0 38  0  1  1  0  0  0  0  0  5  0  0  1  0  0  1  1  3  0
   0]
 [ 0  0  1  0  0  0 26  9  3  0  1  0  0  0  0  8  0  0  1  0  2  0  1  1
   2]
 [ 1  1  0  0  0  0  3 42  3  0  0  0  1  0  0  0  0  0  1  0  1  1  0  1
   0]
 [ 1  2  0  1  2  1  1  2 32  0  0  0  0  1  2  0  0  0  1  0  1  1  6  0
   1]
 [ 3  1  0  0  0  0  0  0  1 48  1  0  0  0  0  0  0  0  0  1  0  0  0  0
   0]
 [ 0  0  0  0  0  0  1  2  0  1 37  1  0  0  0  6  0  1  1  0  2  0  0  2
   1]
 [ 0  0  0  0  0  0  0  0  1  0  2 49  0  1  0  0  1  0  0  0  0  0  1  0
   0]
 [ 0  0  0  0  0  0  0  2  0  0  1  0 45  1  1  1  0  0  0  1  2  0  0  1
   0]
 [ 0  0  0  0  1  0  0  0  1  0  0  0  2 45  0  4  0  0  1  0  0  0  1  0
   0]
 [ 0  3  1  0  3  6  0  0  0  0  0  0  0  0 34  0  0  0  0  0  0  1  6  0
   1]
 [ 0  1  0  0  0  0  0  2  0  0  0  0  0  3  2 45  0  0  0  0  2  0  0  0
   0]
 [ 0  0  0  0  1  1  1  0  0  0  1  0  1  0  0  1 44  0  0  1  0  3  0  1
   0]
 [ 2  0  0  0  1  0  0  0  1  1  0  0  0  0  0  2  0 47  1  0  0  0  0  0
   0]
 [16  1  8  2 15  0  0  7  0  0  0  1  0  0  1  0  0  0  1  0  0  0  3  0
   0]
 [ 2  0  0  0  0  1  1  0  0  7  0  0  0  1  0  0  0  0  0 43  0  0  0  0
   0]
 [ 1  0  0  0  1  0  0  1  1  1  4  0  0  0  0  1  1  0  0  0 42  0  2  0
   0]
 [ 1  3  2  0  0  3  2  1  0  2  0  0  1  0  1  0  2  1  1  0  0 35  0  0
   0]
 [ 5  7  0  3  5  1  0  0  1  0  1  0  0  1  1  0  0  3  0  1  1  0 25  0
   0]
 [ 1  1  0  0  1  3  1  2  2  1  2  0  0  1  0  0  0  0  2  0  1  0  0 35
   2]
 [ 0  1  1  0  0  0  1  1  0  0  0  0  0  1  0  0  0  0  0  0  1  0  1  3
  45]]

Epoch 12/32
----------------------------------------------------------------------------------------------------
train Loss: 0.00836916 Acc: 0.75579044

test Loss: 0.01250101 Acc: 0.66812227

['american_bulldog', 'american_pit_bull_terrier', 'basset_hound', 'beagle', 'boxer', 'chihuahua', 'english_cocker_spaniel', 'english_setter', 'german_shorthaired', 'great_pyrenees', 'havanese', 'japanese_chin', 'keeshond', 'leonberger', 'miniature_pinscher', 'newfoundland', 'pomeranian', 'pug', 'saint_bernard', 'samoyed', 'scottish_terrier', 'shiba_inu', 'staffordshire_bull_terrier', 'wheaten_terrier', 'yorkshire_terrier']
 Confusion Matrix:
 [[35  3  1  3  0  4  1  0  0  2  0  1  0  0  0  0  0  0  1  0  0  0  3  0
   0]
 [ 7 18  3  3  3  4  0  0  1  0  0  0  0  1  3  0  1  1  0  0  0  3  6  1
   0]
 [ 0  3 38  7  1  0  1  0  1  0  0  1  0  0  1  0  0  0  0  0  0  0  1  0
   1]
 [ 2  2  4 37  1  2  2  0  1  0  0  0  0  0  0  0  1  0  0  1  0  0  1  1
   0]
 [ 3  1  1  2 36  0  2  0  2  0  0  0  0  0  3  0  0  1  0  0  1  1  2  0
   0]
 [ 1  2  0  0  0 34  0  1  1  0  0  1  0  0  6  0  0  1  1  0  1  2  3  0
   1]
 [ 0  0  1  0  0  1 28  8  5  0  1  0  0  0  0  6  0  0  0  0  2  0  1  1
   1]
 [ 2  1  0  1  0  0  8 35  3  1  0  0  0  0  0  0  0  0  0  0  1  1  0  1
   1]
 [ 0  4  2  2  1  1  1  1 34  0  0  0  0  1  2  1  0  0  0  0  0  0  3  1
   1]
 [ 2  0  0  0  0  0  0  0  1 49  1  0  0  0  0  0  0  0  0  1  0  0  0  1
   0]
 [ 1  0  0  0  0  0  2  1  2  0 36  1  0  0  0  4  0  1  1  0  1  0  0  3
   2]
 [ 0  0  0  0  0  0  0  0  1  0  2 50  0  0  0  0  1  0  0  0  0  0  1  0
   0]
 [ 0  0  0  0  1  0  1  1  0  0  2  0 42  2  1  1  0  0  0  0  2  0  1  1
   0]
 [ 1  1  0  1  3  0  0  0  1  0  1  0  2 41  0  1  1  0  0  0  0  1  1  0
   0]
 [ 0  2  2  1  3  3  0  0  0  0  0  0  0  0 38  0  0  0  0  0  0  0  5  0
   1]
 [ 0  1  0  0  0  0  0  1  2  0  1  0  1  2  2 44  0  0  0  0  1  0  0  0
   0]
 [ 0  0  0  0  1  1  1  0  0  0  0  0  1  0  0  1 48  0  0  0  0  1  0  0
   1]
 [ 2  0  0  0  3  0  0  0  0  1  0  0  0  0  1  1  0 46  1  0  0  0  0  0
   0]
 [16  1  6  4 14  1  1  4  1  0  0  3  0  0  1  0  0  0  0  0  0  1  2  0
   0]
 [ 1  0  0  0  0  0  1  0  0  4  0  0  0  1  0  0  0  0  0 48  0  0  0  0
   0]
 [ 1  0  0  0  0  0  1  0  1  2  4  2  0  0  1  1  1  0  0  1 38  0  2  0
   0]
 [ 0  2  3  0  1  1  0  1  0  2  0  0  0  1  1  0  4  1  0  0  1 37  0  0
   0]
 [ 5  7  0  3  6  0  1  0  2  0  1  1  0  0  2  0  1  0  0  2  0  0 23  0
   1]
 [ 1  1  0  0  1  1  0  1  2  0  4  0  0  1  1  0  0  0  1  0  2  1  0 35
   3]
 [ 0  1  1  0  0  0  1  0  1  0  0  0  0  0  0  0  0  0  0  0  1  0  0  2
  48]]

Epoch 13/32
----------------------------------------------------------------------------------------------------
train Loss: 0.00793819 Acc: 0.76680147

test Loss: 0.01210320 Acc: 0.67321689

['american_bulldog', 'american_pit_bull_terrier', 'basset_hound', 'beagle', 'boxer', 'chihuahua', 'english_cocker_spaniel', 'english_setter', 'german_shorthaired', 'great_pyrenees', 'havanese', 'japanese_chin', 'keeshond', 'leonberger', 'miniature_pinscher', 'newfoundland', 'pomeranian', 'pug', 'saint_bernard', 'samoyed', 'scottish_terrier', 'shiba_inu', 'staffordshire_bull_terrier', 'wheaten_terrier', 'yorkshire_terrier']
 Confusion Matrix:
 [[35  5  1  3  1  3  1  0  0  2  0  1  0  0  0  0  0  0  1  0  0  0  1  0
   0]
 [ 6 21  3  2  3  2  0  0  3  0  0  0  0  2  3  0  0  1  0  0  1  2  5  1
   0]
 [ 0  2 39  7  0  0  1  0  3  0  0  1  0  0  1  0  0  0  0  0  0  0  1  0
   0]
 [ 2  3  8 32  1  3  1  0  1  0  0  0  0  0  0  0  0  0  0  0  0  0  3  1
   0]
 [ 3  2  1  2 37  0  0  0  2  0  0  0  0  1  1  0  0  2  0  0  1  1  2  0
   0]
 [ 1  2  0  0  0 37  0  1  1  0  0  1  0  0  5  0  0  1  0  0  1  2  3  0
   0]
 [ 0  0  2  0  0  0 32  7  3  0  0  0  0  0  0  6  0  0  0  0  2  0  1  1
   1]
 [ 1  1  0  0  0  0  7 40  3  0  0  0  0  0  0  0  0  0  0  0  1  1  0  1
   0]
 [ 0  3  2  2  1  0  1  2 37  0  0  0  0  1  1  1  0  0  0  0  1  0  3  0
   0]
 [ 3  1  0  0  0  0  0  0  1 45  0  1  0  0  0  0  0  0  0  4  0  0  0  0
   0]
 [ 1  0  0  0  0  0  2  2  0  0 36  1  0  0  0  6  0  1  1  0  2  0  0  2
   1]
 [ 0  0  0  0  0  0  0  0  1  0  2 49  0  1  0  0  1  0  0  0  0  0  1  0
   0]
 [ 0  0  0  0  1  0  1  1  0  0  2  0 41  2  1  1  1  0  0  0  2  0  1  1
   0]
 [ 1  1  0  0  3  0  0  0  2  0  0  0  2 40  1  3  0  0  1  0  0  0  1  0
   0]
 [ 0  3  1  0  3  4  0  0  1  0  0  0  0  0 37  0  0  0  0  0  0  0  5  0
   1]
 [ 0  0  0  0  0  0  0  1  1  0  0  0  0  3  2 46  0  0  0  0  2  0  0  0
   0]
 [ 0  0  0  0  1  1  1  0  0  0  0  0  1  0  0  1 46  0  0  1  0  2  0  0
   1]
 [ 2  0  1  0  2  0  0  0  0  1  0  0  0  0  0  1  0 46  1  0  0  0  1  0
   0]
 [13  2 12  3 14  1  1  4  1  0  0  2  0  0  1  0  0  0  0  0  0  0  1  0
   0]
 [ 1  0  0  0  0  1  1  0  0  4  0  0  0  1  0  0  0  0  0 47  0  0  0  0
   0]
 [ 1  0  0  0  1  0  1  1  1  1  2  1  0  0  0  1  1  0  0  0 42  0  2  0
   0]
 [ 0  1  2  2  1  1  1  1  1  2  0  0  0  1  2  0  2  1  0  0  1 36  0  0
   0]
 [ 4  9  0  3  7  0  1  0  3  0  1  0  0  0  1  0  0  1  0  2  1  0 21  0
   1]
 [ 1  1  0  0  1  1  1  1  2  1  2  0  0  1  1  0  0  0  2  0  2  1  0 35
   2]
 [ 0  1  1  0  0  0  1  0  1  0  0  0  0  0  0  0  0  0  0  0  1  0  0  2
  48]]

Epoch 14/32
----------------------------------------------------------------------------------------------------
train Loss: 0.00790829 Acc: 0.76869485

test Loss: 0.01201923 Acc: 0.67321689

['american_bulldog', 'american_pit_bull_terrier', 'basset_hound', 'beagle', 'boxer', 'chihuahua', 'english_cocker_spaniel', 'english_setter', 'german_shorthaired', 'great_pyrenees', 'havanese', 'japanese_chin', 'keeshond', 'leonberger', 'miniature_pinscher', 'newfoundland', 'pomeranian', 'pug', 'saint_bernard', 'samoyed', 'scottish_terrier', 'shiba_inu', 'staffordshire_bull_terrier', 'wheaten_terrier', 'yorkshire_terrier']
 Confusion Matrix:
 [[34  5  1  3  0  3  1  0  0  3  0  1  0  0  0  0  0  0  1  0  0  0  2  0
   0]
 [ 6 22  3  2  2  1  0  0  2  0  0  0  0  2  4  0  1  1  0  0  1  3  4  1
   0]
 [ 0  2 37  7  1  0  1  0  3  0  0  1  0  0  1  0  0  0  0  0  0  0  1  0
   1]
 [ 2  3  6 35  1  1  2  0  1  0  0  0  0  0  0  0  0  0  0  1  0  0  2  1
   0]
 [ 3  1  1  3 34  0  1  0  1  0  0  0  0  1  3  0  0  2  0  0  1  1  3  0
   0]
 [ 1  3  0  0  0 36  0  1  1  0  0  0  0  0  5  0  0  1  1  0  1  2  3  0
   0]
 [ 0  0  2  0  0  0 35  6  2  0  0  0  1  0  0  5  0  0  0  0  2  0  1  1
   0]
 [ 1  1  0  0  0  0  8 38  2  0  0  0  1  0  0  0  0  0  0  0  1  1  0  1
   1]
 [ 0  2  1  2  1  0  2  2 38  0  0  0  0  1  1  1  0  0  0  0  1  0  3  0
   0]
 [ 1  1  0  0  0  0  0  0  1 45  0  1  0  0  0  0  0  0  0  6  0  0  0  0
   0]
 [ 0  0  0  0  0  0  2  2  0  1 37  1  0  0  0  5  0  1  1  0  2  0  0  2
   1]
 [ 0  0  0  0  0  0  0  0  1  0  2 49  0  1  0  0  1  0  0  0  0  0  1  0
   0]
 [ 0  0  0  0  1  0  1  1  1  0  2  0 41  2  1  1  1  0  0  1  2  0  0  0
   0]
 [ 1  1  0  0  2  0  0  0  2  0  1  0  2 39  0  3  1  0  1  0  0  1  1  0
   0]
 [ 0  1  2  0  5  3  0  0  1  0  0  0  0  0 37  0  0  0  0  0  0  1  4  0
   1]
 [ 0  0  0  0  0  0  0  1  1  0  1  0  0  3  2 46  0  0  0  0  1  0  0  0
   0]
 [ 0  0  0  0  1  1  1  0  0  0  0  0  1  0  0  1 46  0  0  1  0  2  0  0
   1]
 [ 2  0  0  0  2  0  0  0  1  1  0  0  0  0  0  1  0 46  1  0  0  0  1  0
   0]
 [15  2  7  4 13  1  1  5  0  0  0  2  0  0  1  0  0  0  1  0  0  0  3  0
   0]
 [ 1  0  0  0  0  0  1  0  0  3  0  0  0  0  0  0  0  0  0 49  0  1  0  0
   0]
 [ 0  0  0  0  1  0  2  0  1  2  3  0  0  0  0  1  1  0  0  1 40  0  3  0
   0]
 [ 0  1  2  0  1  1  1  1  1  1  0  0  1  0  1  0  3  1  1  0  1 38  0  0
   0]
 [ 3  7  0  3  5  1  1  0  5  0  1  0  0  0  1  0  1  0  2  2  1  0 21  0
   1]
 [ 1  1  0  0  1  1  1  1  2  1  3  0  0  1  1  0  0  0  1  0  4  1  0 33
   2]
 [ 0  1  1  0  0  0  1  0  1  0  0  0  0  0  0  0  0  0  0  0  1  0  0  2
  48]]

Epoch 15/32
----------------------------------------------------------------------------------------------------
train Loss: 0.00780630 Acc: 0.77194853

test Loss: 0.01211885 Acc: 0.67612809

['american_bulldog', 'american_pit_bull_terrier', 'basset_hound', 'beagle', 'boxer', 'chihuahua', 'english_cocker_spaniel', 'english_setter', 'german_shorthaired', 'great_pyrenees', 'havanese', 'japanese_chin', 'keeshond', 'leonberger', 'miniature_pinscher', 'newfoundland', 'pomeranian', 'pug', 'saint_bernard', 'samoyed', 'scottish_terrier', 'shiba_inu', 'staffordshire_bull_terrier', 'wheaten_terrier', 'yorkshire_terrier']
 Confusion Matrix:
 [[34  5  1  3  1  4  1  0  0  2  0  1  0  0  0  0  0  0  1  0  0  0  1  0
   0]
 [ 7 22  3  1  3  2  0  0  1  0  0  0  0  2  3  0  1  1  0  0  1  3  4  1
   0]
 [ 0  3 38  7  1  0  1  0  2  0  0  0  0  0  1  0  0  0  0  0  0  0  1  0
   1]
 [ 2  3  4 37  1  2  1  0  1  0  0  0  0  0  0  0  0  0  0  1  0  0  2  1
   0]
 [ 3  1  1  1 38  0  0  0  2  0  0  0  0  1  1  0  0  3  0  0  1  1  2  0
   0]
 [ 1  2  0  0  0 38  0  1  1  0  0  0  0  0  5  0  0  1  1  0  1  2  2  0
   0]
 [ 0  0  2  0  0  0 32  7  2  0  0  0  1  0  0  6  0  0  0  0  2  0  1  1
   1]
 [ 1  1  0  0  0  0  7 39  2  0  0  0  1  0  0  0  0  0  0  0  1  1  0  1
   1]
 [ 0  4  2  1  3  1  0  2 34  0  0  0  0  1  2  1  0  0  0  0  1  0  3  0
   0]
 [ 2  1  0  0  0  0  0  0  1 44  0  1  0  0  0  0  0  0  0  6  0  0  0  0
   0]
 [ 1  0  0  0  0  0  2  2  0  0 37  1  0  0  0  5  0  1  1  0  2  0  0  2
   1]
 [ 0  0  0  0  0  0  0  0  1  0  2 49  0  1  0  0  1  0  0  0  0  0  1  0
   0]
 [ 0  0  0  0  1  0  1  1  1  0  2  0 41  1  1  1  1  0  0  1  2  0  0  1
   0]
 [ 1  1  0  0  2  0  0  0  2  0  1  0  2 41  1  2  0  0  1  0  0  0  1  0
   0]
 [ 0  2  1  0  5  3  0  0  0  0  0  0  0  0 37  0  0  0  0  0  0  1  5  0
   1]
 [ 0  0  0  0  0  0  0  2  0  0  1  0  0  3  2 45  0  0  0  0  2  0  0  0
   0]
 [ 0  0  0  0  1  1  1  0  0  0  0  0  1  0  0  1 45  0  0  1  0  3  0  0
   1]
 [ 2  0  0  0  2  0  0  0  0  1  0  0  0  0  0  1  0 48  1  0  0  0  0  0
   0]
 [14  1  6  4 17  1  1  6  0  0  0  2  0  0  1  0  0  0  0  0  0  0  2  0
   0]
 [ 1  0  0  0  0  0  1  0  0  4  0  0  0  1  0  0  0  0  0 48  0  0  0  0
   0]
 [ 0  0  0  0  1  0  1  0  1  2  3  0  0  0  1  1  1  0  0  0 41  0  3  0
   0]
 [ 0  2  2  0  1  1  1  1  0  2  0  0  0  1  2  0  3  1  0  0  1 37  0  0
   0]
 [ 3  8  0  3  7  1  0  0  3  0  2  0  0  0  1  0  1  0  1  2  1  0 21  0
   1]
 [ 1  1  0  0  1  1  1  1  1  1  2  0  0  1  1  0  0  0  1  0  4  1  0 35
   2]
 [ 0  1  1  0  0  0  1  0  1  0  0  0  0  0  0  0  0  0  0  0  1  0  0  2
  48]]

Epoch 16/32
----------------------------------------------------------------------------------------------------
train Loss: 0.00780124 Acc: 0.76959559

test Loss: 0.01216043 Acc: 0.67467249

['american_bulldog', 'american_pit_bull_terrier', 'basset_hound', 'beagle', 'boxer', 'chihuahua', 'english_cocker_spaniel', 'english_setter', 'german_shorthaired', 'great_pyrenees', 'havanese', 'japanese_chin', 'keeshond', 'leonberger', 'miniature_pinscher', 'newfoundland', 'pomeranian', 'pug', 'saint_bernard', 'samoyed', 'scottish_terrier', 'shiba_inu', 'staffordshire_bull_terrier', 'wheaten_terrier', 'yorkshire_terrier']
 Confusion Matrix:
 [[34  4  1  3  1  4  1  0  0  3  0  1  0  0  0  0  0  0  1  0  0  0  1  0
   0]
 [ 8 19  3  2  3  3  0  0  1  0  0  0  0  2  3  0  1  1  0  0  1  3  4  1
   0]
 [ 0  2 38  8  1  0  1  0  2  0  0  1  0  0  1  0  0  0  0  0  0  0  1  0
   0]
 [ 2  3  7 33  1  3  1  0  1  0  0  0  0  0  0  0  0  0  0  1  0  0  2  1
   0]
 [ 2  1  1  2 36  0  0  0  2  0  0  0  0  1  2  0  0  4  0  0  1  1  2  0
   0]
 [ 1  2  0  0  0 38  0  1  1  0  0  0  0  0  5  0  0  1  1  0  1  2  2  0
   0]
 [ 0  0  2  0  0  0 31  7  3  0  0  0  1  0  0  6  0  0  0  0  2  0  1  1
   1]
 [ 1  1  0  0  0  0  8 38  2  0  0  0  1  0  0  0  0  0  0  0  1  1  0  1
   1]
 [ 0  3  1  2  2  1  1  2 35  0  0  0  0  1  2  1  0  0  0  0  1  0  3  0
   0]
 [ 1  1  0  0  0  0  0  0  1 46  0  1  0  0  0  0  0  0  0  5  0  0  0  0
   0]
 [ 1  0  0  0  0  0  2  2  0  0 37  1  0  0  0  5  0  1  1  0  2  0  0  2
   1]
 [ 0  0  0  0  0  0  0  0  1  0  2 49  0  1  0  0  1  0  0  0  0  0  1  0
   0]
 [ 0  0  0  0  1  0  1  1  0  0  2  0 45  1  1  0  0  0  0  0  2  0  0  1
   0]
 [ 1  1  0  0  2  0  0  0  1  0  1  0  2 41  1  3  0  0  1  0  0  0  1  0
   0]
 [ 0  0  2  0  5  4  0  0  0  0  0  0  0  0 36  0  0  0  0  0  0  1  6  0
   1]
 [ 0  0  0  0  0  0  0  1  1  0  0  0  0  3  2 47  0  0  0  0  1  0  0  0
   0]
 [ 0  0  0  0  1  1  1  0  0  0  0  0  1  0  0  1 45  0  0  1  0  3  0  0
   1]
 [ 2  0  0  0  3  0  0  0  0  1  0  0  0  0  0  1  0 46  1  0  0  0  1  0
   0]
 [16  0  6  4 15  1  1  5  0  0  0  2  0  0  1  0  0  0  0  0  0  0  4  0
   0]
 [ 1  0  0  0  0  0  1  0  0  4  0  0  0  1  0  0  0  0  0 48  0  0  0  0
   0]
 [ 0  0  0  0  1  0  1  0  1  2  3  0  0  0  0  1  1  0  0  0 42  0  3  0
   0]
 [ 0  1  2  0  1  1  2  1  1  2  0  0  0  1  1  0  3  1  0  0  0 38  0  0
   0]
 [ 4  8  0  3  7  1  1  0  0  0  1  1  0  0  1  0  1  0  0  2  0  0 24  0
   1]
 [ 1  1  0  0  1  1  1  1  2  1  2  0  0  1  1  0  0  0  1  0  4  1  0 34
   2]
 [ 0  1  1  0  0  0  1  0  1  0  0  0  1  0  0  0  0  0  0  0  1  0  0  2
  47]]

Epoch 17/32
----------------------------------------------------------------------------------------------------
train Loss: 0.00770598 Acc: 0.77194853

test Loss: 0.01215243 Acc: 0.67685590

['american_bulldog', 'american_pit_bull_terrier', 'basset_hound', 'beagle', 'boxer', 'chihuahua', 'english_cocker_spaniel', 'english_setter', 'german_shorthaired', 'great_pyrenees', 'havanese', 'japanese_chin', 'keeshond', 'leonberger', 'miniature_pinscher', 'newfoundland', 'pomeranian', 'pug', 'saint_bernard', 'samoyed', 'scottish_terrier', 'shiba_inu', 'staffordshire_bull_terrier', 'wheaten_terrier', 'yorkshire_terrier']
 Confusion Matrix:
 [[34  5  1  3  0  3  1  0  0  2  0  1  0  0  0  0  0  0  1  1  0  0  2  0
   0]
 [ 7 20  3  2  4  1  0  0  1  0  0  0  0  2  3  0  1  1  0  0  1  3  5  1
   0]
 [ 0  3 37  9  2  0  1  0  1  0  0  0  0  0  1  0  0  0  0  0  0  0  1  0
   0]
 [ 2  2  5 38  1  1  1  0  1  0  0  0  0  0  0  0  0  0  0  1  0  0  2  1
   0]
 [ 3  0  1  2 37  0  0  0  1  0  0  0  0  1  1  0  0  3  0  0  1  1  4  0
   0]
 [ 1  2  0  0  0 35  0  1  1  0  0  0  0  0  5  0  0  1  1  0  1  3  4  0
   0]
 [ 0  0  2  0  0  0 33  7  2  0  0  0  1  0  0  6  0  0  0  0  2  0  1  1
   0]
 [ 1  1  0  0  0  0  8 38  2  0  0  0  1  0  0  0  0  0  0  0  1  1  0  1
   1]
 [ 0  3  1  1  3  0  2  2 34  0  0  0  0  1  2  1  0  0  0  0  1  0  4  0
   0]
 [ 1  1  0  0  0  0  0  0  1 45  0  1  0  0  0  0  0  0  0  6  0  0  0  0
   0]
 [ 0  0  0  0  0  0  2  2  0  0 38  1  0  0  0  5  0  1  1  0  2  0  0  2
   1]
 [ 0  0  0  0  0  0  0  0  1  0  2 48  0  1  0  0  2  0  0  0  0  0  1  0
   0]
 [ 0  0  0  0  1  0  1  1  0  0  2  0 42  2  1  0  1  0  0  1  2  0  0  1
   0]
 [ 1  1  0  0  2  0  0  0  2  0  1  0  2 39  1  3  0  0  1  0  0  1  1  0
   0]
 [ 0  0  2  0  5  3  0  0  0  0  0  0  0  0 36  0  0  0  0  0  0  1  7  0
   1]
 [ 0  0  0  0  0  0  0  1  1  0  0  0  1  2  1 47  0  0  0  0  2  0  0  0
   0]
 [ 0  0  0  0  1  1  1  0  0  0  0  0  1  0  0  1 45  0  0  1  0  3  0  0
   1]
 [ 3  0  0  0  2  0  0  0  1  1  0  0  0  0  0  1  0 46  1  0  0  0  0  0
   0]
 [15  1  5  4 14  1  1  6  0  0  0  2  0  0  1  0  0  0  0  0  0  0  5  0
   0]
 [ 1  0  0  0  0  0  1  0  0  3  0  0  0  0  0  0  0  0  0 49  0  1  0  0
   0]
 [ 0  0  0  0  1  0  1  0  1  2  3  0  0  0  0  1  1  0  0  0 42  0  3  0
   0]
 [ 0  1  2  0  1  1  2  1  1  1  0  0  0  0  2  1  3  1  0  1  0 37  0  0
   0]
 [ 4  7  0  3  6  0  0  0  0  0  0  1  0  0  1  0  1  0  1  2  1  0 27  0
   1]
 [ 1  1  0  0  1  1  1  1  1  0  3  0  0  1  1  0  0  0  1  0  4  1  0 35
   2]
 [ 0  1  1  0  0  0  1  0  1  0  0  0  0  0  0  0  0  0  0  0  1  0  0  2
  48]]

Epoch 18/32
----------------------------------------------------------------------------------------------------
train Loss: 0.00763267 Acc: 0.77527574

test Loss: 0.01216853 Acc: 0.67321689

['american_bulldog', 'american_pit_bull_terrier', 'basset_hound', 'beagle', 'boxer', 'chihuahua', 'english_cocker_spaniel', 'english_setter', 'german_shorthaired', 'great_pyrenees', 'havanese', 'japanese_chin', 'keeshond', 'leonberger', 'miniature_pinscher', 'newfoundland', 'pomeranian', 'pug', 'saint_bernard', 'samoyed', 'scottish_terrier', 'shiba_inu', 'staffordshire_bull_terrier', 'wheaten_terrier', 'yorkshire_terrier']
 Confusion Matrix:
 [[32  3  1  3  1  5  1  0  0  3  0  1  0  0  1  0  0  0  1  1  0  0  1  0
   0]
 [ 6 20  3  2  4  2  0  0  1  0  0  0  0  2  3  0  1  1  0  0  1  3  5  1
   0]
 [ 0  3 36  8  2  0  1  0  1  0  0  1  0  0  1  0  0  0  0  0  0  0  1  0
   1]
 [ 2  4  5 35  2  2  2  0  0  0  0  0  0  0  0  0  0  0  0  1  0  0  1  1
   0]
 [ 2  1  1  1 35  0  0  0  1  0  0  0  0  1  4  0  0  4  0  0  1  1  3  0
   0]
 [ 1  2  0  0  0 36  0  1  1  0  0  0  0  0  5  0  0  1  1  0  1  3  3  0
   0]
 [ 0  0  2  0  0  0 33  7  2  0  0  0  1  0  0  5  0  0  0  0  2  0  1  1
   1]
 [ 1  1  0  0  0  0  7 40  1  0  0  0  1  0  0  0  0  0  0  0  1  1  0  1
   1]
 [ 0  3  1  2  2  1  1  2 32  0  0  0  0  1  3  1  0  1  0  0  1  0  4  0
   0]
 [ 1  1  0  0  0  0  0  0  1 46  0  1  0  0  0  0  0  0  0  5  0  0  0  0
   0]
 [ 1  0  0  0  0  0  2  2  1  0 36  1  0  0  0  4  0  1  1  0  2  0  0  3
   1]
 [ 0  0  0  0  0  0  0  0  1  0  2 49  0  1  0  0  1  0  0  0  0  0  1  0
   0]
 [ 0  0  0  0  1  0  1  1  0  0  2  0 43  2  1  0  0  0  0  1  2  0  0  1
   0]
 [ 1  1  0  0  2  0  0  0  2  0  1  0  2 40  1  2  0  0  1  0  0  1  1  0
   0]
 [ 0  2  1  0  4  3  0  0  0  0  0  0  0  0 38  0  0  0  0  0  0  1  5  0
   1]
 [ 0  0  0  0  0  0  0  2  1  0  1  0  0  3  2 45  0  0  0  0  1  0  0  0
   0]
 [ 0  0  0  0  1  1  1  0  0  0  1  0  1  0  0  1 45  0  0  0  0  3  0  0
   1]
 [ 1  0  0  0  3  0  0  0  1  1  0  0  0  0  0  1  0 47  1  0  0  0  0  0
   0]
 [16  2  7  3 14  1  1  5  0  0  0  2  0  0  1  0  0  0  0  0  0  0  3  0
   0]
 [ 1  0  0  0  0  1  1  0  0  4  0  0  0  0  0  0  0  0  0 47  0  1  0  0
   0]
 [ 0  0  0  0  1  0  0  0  1  2  3  0  0  0  0  1  1  0  0  0 43  0  3  0
   0]
 [ 0  2  2  0  1  0  1  0  0  2  0  0  0  0  1  1  4  1  0  0  0 40  0  0
   0]
 [ 3  7  0  3  7  1  0  0  0  0  1  1  0  0  1  0  1  0  2  2  1  0 24  0
   1]
 [ 1  1  0  0  1  1  1  1  1  1  2  0  0  1  1  0  0  0  1  0  4  1  0 35
   2]
 [ 0  1  1  0  0  0  1  0  1  0  0  0  0  0  0  0  0  0  0  0  1  0  0  2
  48]]

Epoch 19/32
----------------------------------------------------------------------------------------------------
train Loss: 0.00763763 Acc: 0.77568015

test Loss: 0.01207479 Acc: 0.68049491

['american_bulldog', 'american_pit_bull_terrier', 'basset_hound', 'beagle', 'boxer', 'chihuahua', 'english_cocker_spaniel', 'english_setter', 'german_shorthaired', 'great_pyrenees', 'havanese', 'japanese_chin', 'keeshond', 'leonberger', 'miniature_pinscher', 'newfoundland', 'pomeranian', 'pug', 'saint_bernard', 'samoyed', 'scottish_terrier', 'shiba_inu', 'staffordshire_bull_terrier', 'wheaten_terrier', 'yorkshire_terrier']
 Confusion Matrix:
 [[32  5  2  2  1  4  1  0  0  3  0  1  0  0  1  0  0  0  1  0  0  0  1  0
   0]
 [ 6 22  3  1  2  1  0  0  2  0  0  0  0  2  4  0  1  1  0  0  1  3  5  1
   0]
 [ 0  3 36  8  1  0  1  0  2  0  0  1  0  0  1  0  0  0  0  0  0  0  1  0
   1]
 [ 2  4  7 32  1  3  3  0  0  0  0  0  0  0  0  0  0  0  0  1  0  0  1  1
   0]
 [ 2  1  1  1 34  0  0  0  2  0  0  0  0  1  4  0  0  4  0  0  1  1  3  0
   0]
 [ 1  2  0  0  0 39  0  1  1  0  0  0  0  0  5  0  0  1  0  0  1  2  2  0
   0]
 [ 0  0  1  0  0  0 32  9  2  0  0  0  1  0  0  5  0  0  0  0  2  0  1  1
   1]
 [ 1  1  0  0  0  0  7 40  1  0  0  0  1  0  0  0  0  0  0  0  1  1  0  1
   1]
 [ 0  2  1  2  1  0  2  2 35  0  0  0  0  1  4  1  0  0  0  0  1  0  3  0
   0]
 [ 1  1  0  0  0  0  0  0  1 47  0  1  0  0  0  0  0  0  0  4  0  0  0  0
   0]
 [ 1  0  0  0  0  0  2  2  0  0 37  1  0  0  0  5  0  1  1  0  2  0  0  2
   1]
 [ 0  0  0  0  0  0  0  0  1  0  2 49  0  1  0  0  1  0  0  0  0  0  1  0
   0]
 [ 0  0  0  0  0  0  1  1  0  0  2  0 45  2  1  0  0  0  0  0  2  0  0  1
   0]
 [ 1  1  0  0  1  0  0  0  1  0  1  0  2 42  1  3  0  0  1  0  0  0  1  0
   0]
 [ 0  2  1  0  3  3  0  0  0  0  0  0  0  0 40  0  0  0  0  0  0  1  4  0
   1]
 [ 0  0  0  0  0  0  1  2  0  0  0  0  1  3  1 45  0  0  0  0  2  0  0  0
   0]
 [ 0  0  0  0  1  1  1  0  0  0  1  0  1  0  0  1 46  0  0  0  0  2  0  0
   1]
 [ 1  0  0  0  2  0  0  1  2  1  0  0  0  0  0  1  0 46  1  0  0  0  0  0
   0]
 [14  2  6  4 14  1  1  7  0  0  0  2  0  0  1  0  0  0  0  0  0  0  3  0
   0]
 [ 1  0  0  0  0  1  1  0  0  4  0  0  0  1  0  0  0  0  0 47  0  0  0  0
   0]
 [ 0  0  0  0  1  0  0  1  1  1  3  0  0  0  0  1  1  0  0  0 43  0  3  0
   0]
 [ 0  1  2  0  1  1  2  1  1  2  0  0  0  0  2  1  3  1  0  0  0 37  0  0
   0]
 [ 3  8  0  3  4  1  1  0  1  0  1  0  0  0  1  0  1  0  2  2  1  0 25  0
   1]
 [ 1  1  0  0  1  1  1  1  1  1  2  0  0  1  1  0  0  0  1  0  3  1  0 36
   2]
 [ 0  1  1  0  0  0  1  0  1  0  0  0  0  0  0  0  0  0  0  0  1  0  0  2
  48]]

Epoch 20/32
----------------------------------------------------------------------------------------------------
train Loss: 0.00758540 Acc: 0.77887868

test Loss: 0.01208535 Acc: 0.67831150

['american_bulldog', 'american_pit_bull_terrier', 'basset_hound', 'beagle', 'boxer', 'chihuahua', 'english_cocker_spaniel', 'english_setter', 'german_shorthaired', 'great_pyrenees', 'havanese', 'japanese_chin', 'keeshond', 'leonberger', 'miniature_pinscher', 'newfoundland', 'pomeranian', 'pug', 'saint_bernard', 'samoyed', 'scottish_terrier', 'shiba_inu', 'staffordshire_bull_terrier', 'wheaten_terrier', 'yorkshire_terrier']
 Confusion Matrix:
 [[36  4  1  3  0  3  1  0  0  2  0  1  0  0  0  0  0  0  1  0  0  0  2  0
   0]
 [ 7 21  3  3  2  1  0  0  1  0  0  0  0  2  4  0  1  1  0  0  0  2  6  1
   0]
 [ 0  3 38  8  0  0  1  0  2  0  0  0  0  0  1  0  0  0  1  0  0  0  1  0
   0]
 [ 2  1  7 36  1  1  3  0  0  0  0  0  0  0  0  0  0  0  0  1  0  0  2  1
   0]
 [ 4  0  2  3 31  0  0  0  2  0  0  0  0  1  4  0  0  3  0  0  1  1  3  0
   0]
 [ 1  2  0  0  0 37  0  1  1  0  0  0  0  0  5  0  0  1  1  0  1  2  3  0
   0]
 [ 0  0  2  0  0  0 34  7  2  0  0  0  1  0  0  5  0  0  0  0  2  0  1  1
   0]
 [ 1  1  0  0  0  0  7 40  1  0  0  0  1  0  0  0  0  0  0  0  1  1  0  1
   1]
 [ 0  3  1  2  1  0  1  2 37  0  0  0  0  1  2  1  0  0  0  0  1  0  3  0
   0]
 [ 1  1  0  0  0  0  0  0  1 48  0  1  0  0  0  0  0  0  0  3  0  0  0  0
   0]
 [ 1  0  0  0  0  0  2  2  1  0 37  1  0  0  0  4  0  1  1  0  2  0  0  2
   1]
 [ 0  0  0  0  0  0  0  0  1  0  2 49  0  1  0  0  1  0  0  0  0  0  1  0
   0]
 [ 0  0  0  0  1  0  1  1  1  0  2  0 41  2  1  0  1  0  0  1  2  0  0  1
   0]
 [ 1  1  0  0  3  0  0  0  2  0  1  0  2 39  1  2  0  0  1  0  0  1  1  0
   0]
 [ 0  1  2  0  4  3  0  0  0  0  0  0  0  0 37  0  0  0  0  0  0  1  6  0
   1]
 [ 0  0  0  0  0  0  1  2  1  0  1  0  0  3  2 44  0  0  0  0  1  0  0  0
   0]
 [ 0  0  0  0  1  1  1  0  0  0  0  0  1  0  0  1 47  0  0  0  0  2  0  0
   1]
 [ 3  0  0  0  2  0  0  0  2  1  0  0  0  0  0  1  0 45  1  0  0  0  0  0
   0]
 [15  2  9  3 12  1  1  6  0  0  0  2  0  0  1  0  0  0  0  0  0  0  3  0
   0]
 [ 1  0  0  0  0  0  1  0  0  4  0  0  0  0  0  0  0  0  0 48  0  1  0  0
   0]
 [ 1  0  0  0  0  0  1  0  1  2  3  1  0  0  0  1  1  0  0  0 42  0  2  0
   0]
 [ 0  1  2  0  1  1  2  1  1  2  0  0  0  1  1  0  3  1  0  0  0 38  0  0
   0]
 [ 5  8  0  3  4  0  2  0  1  0  1  0  0  0  1  0  1  0  1  2  0  0 25  0
   1]
 [ 1  1  0  0  1  1  2  1  1  1  2  0  0  1  1  0  0  0  1  0  4  1  0 34
   2]
 [ 0  1  1  0  0  0  1  0  1  0  0  0  0  0  0  0  0  0  0  0  1  0  0  2
  48]]

Epoch 21/32
----------------------------------------------------------------------------------------------------
train Loss: 0.00752005 Acc: 0.77915441

test Loss: 0.01212711 Acc: 0.67903930

['american_bulldog', 'american_pit_bull_terrier', 'basset_hound', 'beagle', 'boxer', 'chihuahua', 'english_cocker_spaniel', 'english_setter', 'german_shorthaired', 'great_pyrenees', 'havanese', 'japanese_chin', 'keeshond', 'leonberger', 'miniature_pinscher', 'newfoundland', 'pomeranian', 'pug', 'saint_bernard', 'samoyed', 'scottish_terrier', 'shiba_inu', 'staffordshire_bull_terrier', 'wheaten_terrier', 'yorkshire_terrier']
 Confusion Matrix:
 [[35  3  1  3  0  4  1  0  0  2  0  1  0  0  1  0  0  0  1  0  0  0  2  0
   0]
 [ 6 20  3  2  3  1  0  0  2  0  0  0  0  2  4  0  1  1  0  0  1  3  5  1
   0]
 [ 0  2 38  7  0  0  1  0  3  0  0  1  0  0  1  0  0  0  0  0  0  0  1  0
   1]
 [ 2  1  7 35  1  2  3  0  0  0  0  0  0  0  0  0  0  0  0  1  0  0  2  1
   0]
 [ 2  1  1  2 33  0  0  0  2  0  0  0  0  1  4  0  0  4  0  0  1  1  3  0
   0]
 [ 1  2  0  0  0 37  0  1  1  0  0  0  0  0  6  0  0  1  1  0  1  2  2  0
   0]
 [ 0  0  2  0  0  0 33  7  2  0  0  0  0  0  0  5  0  0  0  0  2  0  1  1
   2]
 [ 1  1  0  0  0  0  8 38  2  0  0  0  1  0  0  0  0  0  0  0  1  1  0  1
   1]
 [ 0  3  1  2  1  0  1  2 37  0  0  0  0  1  2  1  0  0  0  0  1  0  3  0
   0]
 [ 0  1  0  0  0  0  0  0  1 47  0  1  0  0  0  0  0  0  0  5  0  0  0  0
   0]
 [ 1  0  0  0  0  0  2  2  0  0 37  1  0  0  0  5  0  1  1  0  2  0  0  2
   1]
 [ 0  0  0  0  0  0  0  0  1  0  2 49  0  1  0  0  1  0  0  0  0  0  1  0
   0]
 [ 0  0  0  0  0  0  1  1  0  0  2  0 43  2  1  0  1  0  0  1  2  0  0  1
   0]
 [ 1  1  0  0  2  0  0  0  2  0  1  0  2 40  1  3  0  0  1  0  0  0  1  0
   0]
 [ 0  2  1  0  3  3  0  0  1  0  0  0  0  0 39  0  0  0  0  0  0  1  4  0
   1]
 [ 0  0  0  0  0  0  0  2  0  0  0  0  0  3  2 47  0  0  0  0  1  0  0  0
   0]
 [ 0  0  0  0  1  1  1  0  0  0  0  0  1  0  0  1 46  0  0  1  0  2  0  0
   1]
 [ 1  0  0  0  2  0  0  1  2  1  0  0  0  0  0  1  0 46  1  0  0  0  0  0
   0]
 [14  1  9  3 13  1  1  7  0  0  0  2  0  0  1  0  0  0  0  0  0  0  3  0
   0]
 [ 1  0  0  0  0  0  1  0  0  4  0  0  0  1  0  0  0  0  0 48  0  0  0  0
   0]
 [ 0  0  0  0  1  0  1  1  1  1  3  0  0  0  0  1  1  0  0  0 42  0  3  0
   0]
 [ 0  1  2  0  1  0  2  1  1  2  0  0  0  1  2  0  3  1  0  0  0 38  0  0
   0]
 [ 3  8  0  3  6  1  2  0  3  0  1  0  0  0  1  0  1  0  1  2  0  0 22  0
   1]
 [ 1  1  0  0  1  1  1  1  1  1  2  0  0  1  1  0  0  0  1  0  4  1  0 35
   2]
 [ 0  1  1  0  0  0  1  0  1  0  0  0  0  0  0  0  0  0  0  0  1  0  0  2
  48]]

Epoch 22/32
----------------------------------------------------------------------------------------------------
train Loss: 0.00755473 Acc: 0.77777574

test Loss: 0.01218310 Acc: 0.67467249

['american_bulldog', 'american_pit_bull_terrier', 'basset_hound', 'beagle', 'boxer', 'chihuahua', 'english_cocker_spaniel', 'english_setter', 'german_shorthaired', 'great_pyrenees', 'havanese', 'japanese_chin', 'keeshond', 'leonberger', 'miniature_pinscher', 'newfoundland', 'pomeranian', 'pug', 'saint_bernard', 'samoyed', 'scottish_terrier', 'shiba_inu', 'staffordshire_bull_terrier', 'wheaten_terrier', 'yorkshire_terrier']
 Confusion Matrix:
 [[36  4  1  3  0  3  1  0  0  2  0  1  0  0  0  0  0  0  1  0  0  0  2  0
   0]
 [ 7 21  3  2  2  1  0  0  1  0  0  0  0  1  4  0  1  1  1  0  0  2  7  1
   0]
 [ 0  3 38  7  0  0  1  0  2  0  0  1  0  0  1  0  0  0  0  0  0  0  1  0
   1]
 [ 2  3  6 34  1  3  2  0  0  0  0  0  0  0  0  0  0  0  0  1  0  0  2  1
   0]
 [ 4  0  2  2 34  0  0  0  2  0  0  0  0  0  3  0  0  3  0  0  1  1  3  0
   0]
 [ 1  2  0  0  0 37  0  1  1  0  0  0  0  0  4  0  0  1  2  0  1  2  3  0
   0]
 [ 0  0  2  0  0  0 34  7  2  0  0  0  1  0  0  5  0  0  0  0  2  0  1  1
   0]
 [ 1  1  0  0  0  0  7 39  2  0  0  0  1  0  0  0  0  0  0  0  1  1  0  1
   1]
 [ 0  3  1  2  1  1  1  2 37  0  0  0  0  1  1  1  0  0  0  0  1  0  3  0
   0]
 [ 2  1  0  0  0  0  0  0  1 45  0  1  0  0  0  0  0  0  0  5  0  0  0  0
   0]
 [ 1  0  0  0  0  0  2  2  0  0 37  1  0  0  0  5  0  1  1  0  2  0  0  2
   1]
 [ 0  0  0  0  0  0  0  0  1  0  2 49  0  1  0  0  1  0  0  0  0  0  1  0
   0]
 [ 0  0  0  0  0  0  1  1  0  0  2  0 45  1  1  0  1  0  0  1  2  0  0  0
   0]
 [ 1  1  0  0  3  0  0  0  2  0  1  0  3 37  1  3  0  0  1  0  0  1  1  0
   0]
 [ 0  2  1  0  5  4  0  0  0  0  0  0  0  0 35  0  0  0  0  0  0  1  6  0
   1]
 [ 0  0  0  0  0  0  1  2  0  0  1  0  0  2  1 46  0  0  0  1  1  0  0  0
   0]
 [ 0  0  0  0  1  1  1  0  0  0  0  0  1  0  0  1 46  0  0  1  0  2  0  0
   1]
 [ 3  0  0  0  2  0  0  0  2  1  0  0  0  0  0  1  0 45  1  0  0  0  0  0
   0]
 [16  2  7  3 13  1  1  5  0  0  0  2  0  0  1  0  0  0  0  0  0  0  4  0
   0]
 [ 1  0  0  0  0  1  1  0  0  4  0  0  0  0  0  0  0  0  0 47  0  1  0  0
   0]
 [ 1  0  0  0  0  0  1  0  1  2  2  2  0  0  0  1  1  0  0  0 42  0  2  0
   0]
 [ 0  2  2  0  1  1  1  1  0  2  0  0  1  0  2  0  3  1  1  0  0 37  0  0
   0]
 [ 6  8  0  3  4  0  1  0  1  0  1  1  0  0  1  0  1  0  0  2  0  0 25  0
   1]
 [ 1  1  0  0  1  1  2  1  1  1  3  0  0  1  1  0  0  0  1  0  4  1  0 33
   2]
 [ 0  1  1  0  0  0  1  0  1  0  0  0  0  0  0  0  0  0  0  0  1  0  0  2
  48]]

Epoch 23/32
----------------------------------------------------------------------------------------------------
train Loss: 0.00751621 Acc: 0.78001838

test Loss: 0.01213170 Acc: 0.67540029

['american_bulldog', 'american_pit_bull_terrier', 'basset_hound', 'beagle', 'boxer', 'chihuahua', 'english_cocker_spaniel', 'english_setter', 'german_shorthaired', 'great_pyrenees', 'havanese', 'japanese_chin', 'keeshond', 'leonberger', 'miniature_pinscher', 'newfoundland', 'pomeranian', 'pug', 'saint_bernard', 'samoyed', 'scottish_terrier', 'shiba_inu', 'staffordshire_bull_terrier', 'wheaten_terrier', 'yorkshire_terrier']
 Confusion Matrix:
 [[34  3  2  2  0  5  1  0  0  2  0  1  0  0  1  0  0  0  1  0  0  0  2  0
   0]
 [ 7 20  3  2  2  2  0  0  1  0  0  0  0  2  4  0  1  1  0  0  1  3  5  1
   0]
 [ 0  3 38  7  0  0  1  0  2  0  0  1  0  0  1  0  0  0  0  0  0  0  1  0
   1]
 [ 2  2  7 34  1  2  3  0  0  0  0  0  0  0  0  0  0  0  0  1  0  0  2  1
   0]
 [ 2  1  2  2 33  0  0  0  2  0  0  0  0  1  4  0  0  4  0  0  1  1  2  0
   0]
 [ 1  2  0  0  0 38  0  1  1  0  0  0  0  0  5  0  0  1  1  0  1  2  2  0
   0]
 [ 0  0  2  0  0  0 32  8  2  0  0  0  0  0  0  5  0  0  0  0  2  0  1  1
   2]
 [ 1  1  0  0  0  0  7 39  2  0  0  0  1  0  0  0  0  0  0  0  1  1  0  1
   1]
 [ 0  3  1  2  1  1  1  2 34  0  0  0  0  1  3  1  0  1  0  0  1  0  3  0
   0]
 [ 1  1  0  0  0  0  0  0  1 48  0  1  0  0  0  0  0  0  0  3  0  0  0  0
   0]
 [ 1  0  0  0  0  0  2  2  0  0 36  1  0  0  0  5  0  1  1  0  2  0  0  3
   1]
 [ 0  0  0  0  0  0  0  0  1  0  2 49  0  1  0  0  1  0  0  0  0  0  1  0
   0]
 [ 0  0  0  0  0  0  1  1  0  0  2  0 43  2  1  0  1  0  0  1  2  0  0  1
   0]
 [ 1  1  0  0  2  0  0  0  2  0  1  0  2 40  1  3  0  0  1  0  0  0  1  0
   0]
 [ 0  2  1  0  3  3  0  0  0  0  0  0  0  0 39  0  0  0  0  0  0  1  5  0
   1]
 [ 0  0  0  0  0  0  0  2  0  0  0  0  1  3  1 47  0  0  0  0  1  0  0  0
   0]
 [ 0  0  0  0  1  1  1  0  0  0  0  0  1  0  0  1 46  0  0  1  0  2  0  0
   1]
 [ 3  0  0  0  2  0  0  0  2  1  0  0  0  0  0  1  0 45  1  0  0  0  0  0
   0]
 [15  2  9  3 12  1  1  6  0  0  0  2  0  0  1  0  0  0  0  0  0  0  3  0
   0]
 [ 1  0  0  0  0  1  1  0  0  4  0  0  0  0  0  0  0  0  0 47  0  1  0  0
   0]
 [ 1  0  0  0  0  0  1  0  1  2  3  1  0  0  0  1  1  0  0  0 42  0  2  0
   0]
 [ 0  1  2  0  1  1  2  1  1  2  0  0  0  1  2  0  3  1  0  0  0 37  0  0
   0]
 [ 3  8  0  3  6  1  1  0  1  0  1  1  0  0  1  0  1  0  1  2  0  0 24  0
   1]
 [ 1  1  0  0  1  1  1  1  1  1  2  0  0  1  1  0  0  0  1  0  4  1  0 35
   2]
 [ 0  1  1  0  0  0  1  0  1  0  0  0  0  0  0  0  0  0  0  0  1  0  0  2
  48]]

Epoch 24/32
----------------------------------------------------------------------------------------------------
train Loss: 0.00763442 Acc: 0.77672794

test Loss: 0.01210264 Acc: 0.67685590

['american_bulldog', 'american_pit_bull_terrier', 'basset_hound', 'beagle', 'boxer', 'chihuahua', 'english_cocker_spaniel', 'english_setter', 'german_shorthaired', 'great_pyrenees', 'havanese', 'japanese_chin', 'keeshond', 'leonberger', 'miniature_pinscher', 'newfoundland', 'pomeranian', 'pug', 'saint_bernard', 'samoyed', 'scottish_terrier', 'shiba_inu', 'staffordshire_bull_terrier', 'wheaten_terrier', 'yorkshire_terrier']
 Confusion Matrix:
 [[36  4  2  2  1  3  1  0  0  2  0  1  0  0  0  0  0  0  1  0  0  0  1  0
   0]
 [ 8 19  3  2  4  1  0  0  1  0  0  0  0  2  3  0  1  1  0  0  1  3  5  1
   0]
 [ 0  3 39  8  0  0  1  0  2  0  0  0  0  0  1  0  0  0  0  0  0  0  1  0
   0]
 [ 2  2  7 34  1  2  3  0  0  0  0  0  0  0  0  0  0  0  0  1  0  0  2  1
   0]
 [ 3  1  1  1 36  0  0  0  2  0  0  0  0  1  3  0  0  3  0  0  1  1  2  0
   0]
 [ 1  2  0  0  0 38  0  1  1  0  0  0  0  0  5  0  0  1  1  0  1  2  2  0
   0]
 [ 0  0  2  0  0  0 33  7  2  0  0  0  1  0  0  5  0  0  0  0  2  0  1  1
   1]
 [ 1  1  0  0  0  0  7 39  2  0  0  0  1  0  0  0  0  0  0  0  1  1  0  1
   1]
 [ 0  2  2  2  2  1  2  2 33  0  0  0  0  1  3  1  0  0  0  0  1  0  3  0
   0]
 [ 1  1  0  0  0  0  0  0  1 47  0  1  0  0  0  0  0  0  0  4  0  0  0  0
   0]
 [ 1  0  0  0  0  0  2  2  0  0 37  1  0  0  0  5  0  1  1  0  2  0  0  2
   1]
 [ 0  0  0  0  0  0  0  0  1  0  2 48  0  1  0  0  2  0  0  0  0  0  1  0
   0]
 [ 0  0  0  0  1  0  1  1  0  0  2  0 42  2  1  0  1  0  0  1  2  0  0  1
   0]
 [ 1  1  0  0  2  0  0  0  1  0  1  0  2 39  1  4  0  0  1  0  0  1  1  0
   0]
 [ 0  1  2  0  5  3  0  0  0  0  0  0  0  0 37  0  0  0  0  0  0  1  5  0
   1]
 [ 0  0  0  0  0  0  0  2  0  0  0  0  0  2  2 48  0  0  0  0  1  0  0  0
   0]
 [ 0  0  0  0  1  1  1  0  0  0  0  0  1  0  0  1 47  0  0  0  0  2  0  0
   1]
 [ 3  0  1  0  2  0  0  0  1  1  0  0  0  0  0  1  0 45  1  0  0  0  0  0
   0]
 [14  2 10  3 12  1  1  7  0  0  0  2  0  0  1  0  0  0  0  0  0  0  2  0
   0]
 [ 1  0  0  0  0  1  1  0  0  4  0  0  0  1  0  0  0  0  0 47  0  0  0  0
   0]
 [ 0  0  0  0  0  0  1  0  1  2  2  2  0  0  0  1  1  0  0  0 42  0  3  0
   0]
 [ 0  1  2  0  1  0  2  1  1  2  0  0  0  0  2  1  3  1  0  0  0 38  0  0
   0]
 [ 5  8  0  3  7  0  2  0  1  0  1  0  0  0  1  0  1  0  0  2  0  0 23  0
   1]
 [ 1  1  0  0  1  1  1  1  1  1  2  0  0  1  1  0  0  0  1  0  4  1  0 35
   2]
 [ 0  1  1  0  0  0  1  0  1  0  0  0  0  0  0  0  0  0  0  0  1  0  0  2
  48]]

Epoch 25/32
----------------------------------------------------------------------------------------------------
train Loss: 0.00755135 Acc: 0.77948529

test Loss: 0.01216388 Acc: 0.67176128

['american_bulldog', 'american_pit_bull_terrier', 'basset_hound', 'beagle', 'boxer', 'chihuahua', 'english_cocker_spaniel', 'english_setter', 'german_shorthaired', 'great_pyrenees', 'havanese', 'japanese_chin', 'keeshond', 'leonberger', 'miniature_pinscher', 'newfoundland', 'pomeranian', 'pug', 'saint_bernard', 'samoyed', 'scottish_terrier', 'shiba_inu', 'staffordshire_bull_terrier', 'wheaten_terrier', 'yorkshire_terrier']
 Confusion Matrix:
 [[34  5  2  2  1  3  1  0  0  2  0  1  0  0  1  0  0  0  1  0  0  0  1  0
   0]
 [ 7 18  3  3  5  1  0  0  1  0  0  0  0  2  4  0  1  1  0  0  1  2  5  1
   0]
 [ 0  3 38  7  1  0  1  0  1  0  0  1  0  0  1  0  0  0  0  0  0  0  1  0
   1]
 [ 2  1  7 35  2  2  3  0  0  0  0  0  0  0  0  0  0  0  0  1  0  0  1  1
   0]
 [ 2  1  1  1 36  0  0  0  2  0  0  0  0  1  4  0  0  3  0  0  1  1  2  0
   0]
 [ 1  2  0  0  0 34  0  1  1  0  0  0  0  0  8  0  0  1  1  0  1  3  2  0
   0]
 [ 0  0  2  0  0  0 33  7  2  0  0  0  0  0  0  5  0  0  0  0  2  0  1  1
   2]
 [ 1  1  0  0  0  0  8 38  2  0  0  0  1  0  0  0  0  0  0  0  1  1  0  1
   1]
 [ 0  2  1  2  1  0  2  2 34  0  0  0  0  1  4  1  0  1  0  0  1  0  3  0
   0]
 [ 1  1  0  0  0  0  0  0  1 47  0  1  0  0  0  0  0  0  0  4  0  0  0  0
   0]
 [ 1  0  0  0  0  0  2  2  1  0 37  1  0  0  0  4  0  1  1  0  2  0  0  2
   1]
 [ 0  0  0  0  0  0  0  0  1  0  2 49  0  1  0  0  1  0  0  0  0  0  1  0
   0]
 [ 0  0  0  0  1  0  1  1  1  0  2  0 42  2  1  0  1  0  0  1  2  0  0  0
   0]
 [ 1  1  0  0  4  0  0  0  2  0  1  0  1 40  1  3  0  0  1  0  0  0  0  0
   0]
 [ 0  0  3  0  4  3  0  0  0  0  0  0  0  0 39  0  0  0  0  0  0  1  4  0
   1]
 [ 0  0  0  0  0  0  0  2  0  0  0  0  0  3  2 47  0  0  0  0  1  0  0  0
   0]
 [ 0  0  0  0  1  1  1  0  0  0  0  0  1  0  0  1 45  0  0  1  0  3  0  0
   1]
 [ 3  0  0  0  3  0  0  0  1  0  1  0  0  0  0  1  0 45  1  0  0  0  0  0
   0]
 [14  1 10  3 14  1  1  5  0  0  0  2  0  0  1  0  0  0  1  0  0  0  2  0
   0]
 [ 1  0  0  0  0  0  1  0  0  4  0  0  0  0  0  0  0  0  0 48  0  1  0  0
   0]
 [ 1  0  0  0  1  0  1  0  1  2  2  1  0  0  0  1  1  0  0  0 42  0  2  0
   0]
 [ 0  1  2  0  1  1  2  0  1  2  0  0  0  0  2  1  3  1  0  0  0 38  0  0
   0]
 [ 3  7  0  3  8  0  2  0  4  0  1  0  0  0  1  0  1  0  1  2  0  0 21  0
   1]
 [ 1  1  0  0  1  1  2  1  1  1  2  0  0  1  1  0  0  0  2  0  4  1  0 33
   2]
 [ 0  0  1  0  0  0  1  0  1  0  0  0  0  0  0  0  0  0  0  0  1  0  0  2
  49]]

Epoch 26/32
----------------------------------------------------------------------------------------------------
train Loss: 0.00764976 Acc: 0.77540441

test Loss: 0.01207276 Acc: 0.68340611

['american_bulldog', 'american_pit_bull_terrier', 'basset_hound', 'beagle', 'boxer', 'chihuahua', 'english_cocker_spaniel', 'english_setter', 'german_shorthaired', 'great_pyrenees', 'havanese', 'japanese_chin', 'keeshond', 'leonberger', 'miniature_pinscher', 'newfoundland', 'pomeranian', 'pug', 'saint_bernard', 'samoyed', 'scottish_terrier', 'shiba_inu', 'staffordshire_bull_terrier', 'wheaten_terrier', 'yorkshire_terrier']
 Confusion Matrix:
 [[37  4  1  3  0  3  1  0  0  2  0  1  0  0  0  0  0  0  1  0  0  0  1  0
   0]
 [ 7 22  3  2  2  1  0  0  1  0  0  0  0  2  4  0  1  1  0  0  1  3  4  1
   0]
 [ 0  3 37  8  0  0  1  0  2  0  0  1  0  0  1  0  0  0  0  0  0  0  1  0
   1]
 [ 2  4  5 34  1  3  3  0  0  0  0  0  0  0  0  0  0  0  0  1  0  0  1  1
   0]
 [ 4  1  1  2 33  0  0  0  2  0  0  0  0  1  4  0  0  3  0  0  1  1  2  0
   0]
 [ 1  2  0  0  0 39  0  1  1  0  0  0  0  0  5  0  0  1  0  0  1  2  2  0
   0]
 [ 0  0  1  0  0  0 33  8  2  0  0  0  1  0  0  5  0  0  0  0  2  0  1  1
   1]
 [ 1  1  0  0  0  0  7 39  2  0  0  0  1  0  0  0  0  0  0  0  1  1  0  1
   1]
 [ 0  4  1  1  1  0  1  2 36  0  0  0  0  1  2  1  0  1  0  0  1  0  3  0
   0]
 [ 0  1  0  0  0  0  0  0  1 49  0  1  0  0  0  0  0  0  0  3  0  0  0  0
   0]
 [ 1  0  0  0  0  0  2  2  0  0 36  1  0  0  0  5  0  1  1  0  2  0  0  3
   1]
 [ 0  0  0  0  0  0  0  0  1  0  2 49  0  1  0  0  1  0  0  0  0  0  1  0
   0]
 [ 0  0  0  0  0  0  1  1  0  0  2  0 44  2  1  0  0  0  0  1  2  0  0  1
   0]
 [ 1  1  0  0  2  0  0  0  1  0  1  0  2 39  1  4  0  0  1  0  0  1  1  0
   0]
 [ 0  2  1  0  2  5  0  0  0  0  0  0  0  0 38  0  0  0  0  0  0  1  5  0
   1]
 [ 0  0  0  0  0  0  0  2  0  0  0  0  0  2  1 48  0  0  0  1  1  0  0  0
   0]
 [ 0  0  0  0  1  1  1  0  0  0  0  0  1  0  0  1 46  0  0  1  0  2  0  0
   1]
 [ 3  0  0  0  2  0  0  0  2  1  0  0  0  0  0  1  0 45  1  0  0  0  0  0
   0]
 [15  2  5  4 13  1  1  6  0  0  0  2  0  1  1  0  0  0  0  0  0  0  4  0
   0]
 [ 1  0  0  0  0  0  1  0  0  4  0  0  0  0  0  0  0  0  0 48  0  1  0  0
   0]
 [ 1  0  0  0  0  0  1  0  1  2  3  1  0  0  0  1  1  0  0  0 42  0  2  0
   0]
 [ 0  2  2  0  1  1  2  1  0  2  0  0  0  0  2  1  3  1  0  0  0 37  0  0
   0]
 [ 5  8  0  3  4  0  2  0  1  0  1  0  0  0  1  0  1  0  1  2  0  0 25  0
   1]
 [ 1  1  0  0  1  1  1  1  1  1  2  0  0  1  1  0  0  0  1  0  4  1  0 35
   2]
 [ 0  1  1  0  0  0  1  0  1  0  0  0  0  0  0  0  0  0  0  0  1  0  0  2
  48]]

Epoch 27/32
----------------------------------------------------------------------------------------------------
train Loss: 0.00760853 Acc: 0.77775735

test Loss: 0.01216367 Acc: 0.67831150

['american_bulldog', 'american_pit_bull_terrier', 'basset_hound', 'beagle', 'boxer', 'chihuahua', 'english_cocker_spaniel', 'english_setter', 'german_shorthaired', 'great_pyrenees', 'havanese', 'japanese_chin', 'keeshond', 'leonberger', 'miniature_pinscher', 'newfoundland', 'pomeranian', 'pug', 'saint_bernard', 'samoyed', 'scottish_terrier', 'shiba_inu', 'staffordshire_bull_terrier', 'wheaten_terrier', 'yorkshire_terrier']
 Confusion Matrix:
 [[33  5  2  2  1  4  1  0  0  2  0  1  0  0  1  0  0  0  1  0  0  0  1  0
   0]
 [ 6 23  3  3  3  1  0  0  1  0  0  0  0  1  3  0  1  1  0  0  1  2  5  1
   0]
 [ 0  3 38  7  1  0  1  0  1  0  0  1  0  0  1  0  0  0  0  0  0  0  1  0
   1]
 [ 2  4  7 32  1  3  3  0  0  0  0  0  0  0  0  0  0  0  0  1  0  0  1  1
   0]
 [ 2  1  1  1 37  0  0  0  2  0  0  0  0  1  3  0  0  3  0  0  1  1  2  0
   0]
 [ 1  2  0  0  0 38  0  1  1  0  0  1  0  0  5  0  0  1  0  0  1  2  2  0
   0]
 [ 0  0  2  0  0  0 32  8  2  0  0  0  1  0  0  5  0  0  0  0  2  0  1  1
   1]
 [ 1  1  0  0  0  0  7 39  2  0  0  0  1  0  0  0  0  0  0  0  1  1  0  1
   1]
 [ 0  3  1  2  1  0  1  2 37  0  0  0  0  1  2  1  0  0  0  0  1  0  3  0
   0]
 [ 2  1  0  0  0  0  0  0  1 46  0  1  0  0  0  0  0  0  0  4  0  0  0  0
   0]
 [ 1  0  0  0  0  0  2  2  0  0 37  1  0  0  0  5  0  1  1  0  2  0  0  2
   1]
 [ 0  0  0  0  0  0  0  0  1  0  2 49  0  1  0  0  1  0  0  0  0  0  1  0
   0]
 [ 0  0  0  0  0  0  1  1  0  0  2  0 46  2  1  0  0  0  0  0  2  0  0  0
   0]
 [ 1  1  0  0  2  0  0  0  2  0  1  0  2 40  1  3  0  0  1  0  0  0  1  0
   0]
 [ 0  2  1  0  5  4  0  0  0  0  0  0  0  0 35  0  0  0  0  0  0  1  6  0
   1]
 [ 0  0  0  0  0  0  0  2  0  0  0  0  0  3  2 47  0  0  0  0  1  0  0  0
   0]
 [ 0  0  0  0  1  1  1  0  0  0  0  0  1  0  0  1 47  0  0  0  0  2  0  0
   1]
 [ 1  0  0  0  3  0  0  1  1  1  0  0  0  0  0  1  0 46  1  0  0  0  0  0
   0]
 [14  2  8  3 13  1  1  7  0  0  0  2  0  0  1  0  0  0  0  0  0  0  3  0
   0]
 [ 1  0  0  0  0  1  1  0  0  4  0  0  0  1  0  0  0  0  0 47  0  0  0  0
   0]
 [ 0  0  0  0  1  0  1  1  1  1  2  1  0  0  0  1  1  0  0  0 42  0  3  0
   0]
 [ 0  2  2  0  1  1  1  1  0  2  0  0  0  0  2  1  3  1  1  0  0 37  0  0
   0]
 [ 4  9  0  3  7  0  2  0  1  0  1  0  0  0  1  0  1  0  0  2  0  0 23  0
   1]
 [ 1  1  0  0  1  1  1  1  2  1  3  0  0  1  1  0  0  0  1  0  4  1  0 33
   2]
 [ 0  1  1  0  0  0  1  0  1  0  0  0  0  0  0  0  0  0  0  0  1  0  0  2
  48]]

Epoch 28/32
----------------------------------------------------------------------------------------------------
train Loss: 0.00756121 Acc: 0.77974265

test Loss: 0.01212258 Acc: 0.67831150

['american_bulldog', 'american_pit_bull_terrier', 'basset_hound', 'beagle', 'boxer', 'chihuahua', 'english_cocker_spaniel', 'english_setter', 'german_shorthaired', 'great_pyrenees', 'havanese', 'japanese_chin', 'keeshond', 'leonberger', 'miniature_pinscher', 'newfoundland', 'pomeranian', 'pug', 'saint_bernard', 'samoyed', 'scottish_terrier', 'shiba_inu', 'staffordshire_bull_terrier', 'wheaten_terrier', 'yorkshire_terrier']
 Confusion Matrix:
 [[35  4  2  2  1  3  1  0  0  2  0  1  0  0  1  0  0  0  1  0  0  0  1  0
   0]
 [ 7 20  3  3  4  1  0  0  1  0  0  0  0  2  3  0  1  1  0  0  1  2  5  1
   0]
 [ 0  3 39  8  1  0  1  0  0  0  0  1  0  0  1  0  0  0  0  0  0  0  1  0
   0]
 [ 2  1  7 36  1  1  3  0  0  0  0  0  0  0  0  0  0  0  0  1  0  0  2  1
   0]
 [ 4  0  2  1 36  0  0  0  2  0  0  0  0  1  3  0  0  2  0  0  1  1  2  0
   0]
 [ 1  2  0  0  0 35  0  1  1  0  0  1  0  0  5  0  0  1  1  0  1  3  3  0
   0]
 [ 0  0  2  0  0  0 33  7  2  0  0  0  1  0  0  5  0  0  0  0  2  0  1  1
   1]
 [ 1  1  0  0  0  0  8 39  2  0  0  0  1  0  0  0  0  0  0  0  1  1  0  1
   0]
 [ 0  3  4  2  2  0  1  2 31  0  0  0  0  1  3  1  0  1  0  0  1  0  3  0
   0]
 [ 1  1  0  0  0  0  0  0  1 48  0  1  0  0  0  0  0  0  0  3  0  0  0  0
   0]
 [ 1  0  0  0  0  0  2  2  0  0 37  1  0  0  0  5  0  1  1  0  2  0  0  2
   1]
 [ 0  0  0  0  0  0  0  0  1  0  2 49  0  1  0  0  1  0  0  0  0  0  1  0
   0]
 [ 0  0  0  0  1  0  1  1  0  0  2  0 44  2  1  0  0  0  0  1  2  0  0  0
   0]
 [ 1  1  1  0  2  0  0  0  0  0  1  0  3 40  1  3  0  0  1  0  0  0  1  0
   0]
 [ 0  1  3  0  4  2  0  0  0  0  0  0  1  0 38  0  0  0  0  0  0  1  4  0
   1]
 [ 0  0  0  0  0  0  0  2  0  0  0  0  0  3  2 47  0  0  0  0  1  0  0  0
   0]
 [ 0  0  0  0  1  1  1  0  0  0  0  0  1  0  0  1 46  0  0  1  0  2  0  0
   1]
 [ 3  0  1  0  2  0  0  0  1  1  0  0  0  0  0  1  0 45  1  0  0  0  0  0
   0]
 [15  1 11  3 14  1  1  5  0  0  0  2  0  0  0  0  0  0  1  0  0  0  1  0
   0]
 [ 1  0  0  0  0  0  1  0  0  4  0  0  0  0  0  0  0  0  0 48  0  1  0  0
   0]
 [ 1  0  0  0  0  0  1  0  1  2  2  2  0  0  0  1  1  0  0  0 42  0  2  0
   0]
 [ 0  1  2  0  1  1  2  1  1  2  0  0  0  1  1  0  3  1  0  0  0 38  0  0
   0]
 [ 5  7  0  3  8  0  1  0  2  0  1  1  0  0  1  0  1  0  0  2  0  0 22  0
   1]
 [ 1  1  0  0  1  1  1  1  1  1  2  0  0  1  1  0  0  0  1  0  4  1  0 35
   2]
 [ 0  1  1  0  0  0  1  0  1  0  0  0  0  0  0  0  0  0  0  0  1  0  0  2
  48]]

Epoch 29/32
----------------------------------------------------------------------------------------------------
train Loss: 0.00758683 Acc: 0.77663603

test Loss: 0.01198350 Acc: 0.68049491

['american_bulldog', 'american_pit_bull_terrier', 'basset_hound', 'beagle', 'boxer', 'chihuahua', 'english_cocker_spaniel', 'english_setter', 'german_shorthaired', 'great_pyrenees', 'havanese', 'japanese_chin', 'keeshond', 'leonberger', 'miniature_pinscher', 'newfoundland', 'pomeranian', 'pug', 'saint_bernard', 'samoyed', 'scottish_terrier', 'shiba_inu', 'staffordshire_bull_terrier', 'wheaten_terrier', 'yorkshire_terrier']
 Confusion Matrix:
 [[36  3  1  3  0  4  1  0  0  2  0  1  0  0  0  0  0  0  1  0  0  0  2  0
   0]
 [ 7 21  3  3  2  2  0  0  1  0  0  0  0  2  4  0  1  1  0  0  1  2  4  1
   0]
 [ 0  2 38  7  0  0  1  0  3  0  0  1  0  0  1  0  0  0  0  0  0  0  1  0
   1]
 [ 2  2  5 35  1  3  3  0  0  0  0  0  0  0  0  0  1  0  0  1  0  0  1  1
   0]
 [ 3  0  2  3 31  0  1  0  1  0  0  0  0  1  4  0  0  4  0  0  1  1  3  0
   0]
 [ 1  2  0  0  0 38  0  1  1  0  0  0  0  0  5  0  0  1  1  0  1  2  2  0
   0]
 [ 0  0  2  0  0  0 32  7  2  0  1  0  0  0  0  5  0  0  0  0  2  0  1  1
   2]
 [ 1  1  0  0  0  0  7 39  2  0  0  0  1  0  0  0  0  0  0  0  1  1  0  1
   1]
 [ 0  2  1  2  1  0  2  2 34  0  0  0  0  1  4  1  0  1  0  0  1  0  3  0
   0]
 [ 0  1  0  0  0  0  0  0  1 48  0  1  0  0  0  0  0  0  0  4  0  0  0  0
   0]
 [ 1  0  0  0  0  0  2  2  0  0 37  1  0  0  0  5  0  1  1  0  2  0  0  2
   1]
 [ 0  0  0  0  0  0  0  0  1  0  2 48  0  1  0  0  2  0  0  0  0  0  1  0
   0]
 [ 0  0  0  0  0  0  1  1  0  0  2  0 43  2  1  0  1  0  0  1  2  0  0  1
   0]
 [ 1  0  0  0  1  0  0  0  1  0  1  0  3 39  1  5  0  0  1  0  0  1  1  0
   0]
 [ 0  2  1  0  2  4  0  0  0  0  0  0  0  0 40  0  0  0  0  0  0  1  4  0
   1]
 [ 0  0  0  0  0  0  0  2  0  0  1  0  0  2  2 46  0  0  0  0  2  0  0  0
   0]
 [ 0  0  0  0  1  1  1  0  0  0  0  0  1  0  0  1 47  0  0  0  0  2  0  0
   1]
 [ 2  0  1  0  2  0  0  0  1  1  0  0  0  0  0  1  0 46  1  0  0  0  0  0
   0]
 [14  2  7  4 13  1  1  7  0  0  0  2  0  0  1  0  0  0  0  0  0  0  3  0
   0]
 [ 1  0  0  0  0  0  1  0  0  4  0  0  0  0  0  0  0  0  0 48  0  1  0  0
   0]
 [ 1  0  0  0  0  0  1  0  1  2  3  1  0  0  0  1  1  0  0  0 43  0  1  0
   0]
 [ 0  1  2  0  1  1  1  1  1  2  0  0  0  0  2  1  3  1  0  0  0 37  0  0
   1]
 [ 3  8  0  3  5  1  1  0  0  0  1  1  0  0  1  0  1  0  2  2  0  0 25  0
   1]
 [ 1  1  0  0  1  1  1  1  1  1  2  0  0  1  1  0  0  0  1  0  4  1  0 35
   2]
 [ 0  0  1  0  0  0  1  0  1  0  0  0  0  0  0  0  0  0  0  0  1  0  0  2
  49]]

Epoch 30/32
----------------------------------------------------------------------------------------------------
train Loss: 0.00759592 Acc: 0.77806985

test Loss: 0.01204535 Acc: 0.67612809

['american_bulldog', 'american_pit_bull_terrier', 'basset_hound', 'beagle', 'boxer', 'chihuahua', 'english_cocker_spaniel', 'english_setter', 'german_shorthaired', 'great_pyrenees', 'havanese', 'japanese_chin', 'keeshond', 'leonberger', 'miniature_pinscher', 'newfoundland', 'pomeranian', 'pug', 'saint_bernard', 'samoyed', 'scottish_terrier', 'shiba_inu', 'staffordshire_bull_terrier', 'wheaten_terrier', 'yorkshire_terrier']
 Confusion Matrix:
 [[34  4  1  3  0  5  1  0  0  2  0  1  0  0  0  0  0  0  1  0  0  0  2  0
   0]
 [ 6 22  3  3  2  2  0  0  1  0  0  0  0  2  4  0  1  1  0  0  1  2  4  1
   0]
 [ 0  3 38  7  1  0  1  0  1  0  0  1  0  0  1  0  0  0  0  0  0  0  1  0
   1]
 [ 2  4  7 33  1  3  2  0  0  0  0  0  0  0  0  0  0  0  0  1  0  0  1  1
   0]
 [ 3  1  1  2 34  0  0  0  2  0  0  0  0  1  3  0  0  3  0  0  1  1  3  0
   0]
 [ 1  2  0  0  0 39  0  1  1  0  0  0  0  0  4  0  0  1  1  0  1  2  2  0
   0]
 [ 0  0  2  0  0  0 33  7  2  0  0  0  0  0  0  5  0  0  0  0  2  0  1  1
   2]
 [ 1  1  0  0  0  0  7 41  1  0  0  0  1  0  0  0  0  0  0  0  1  1  0  1
   0]
 [ 0  3  2  2  3  1  1  2 33  0  0  0  0  1  2  1  0  0  0  0  1  0  3  0
   0]
 [ 2  1  0  0  0  0  0  0  1 47  0  1  0  0  0  0  0  0  0  3  0  0  0  0
   0]
 [ 1  0  0  0  0  0  2  2  0  0 37  1  0  0  0  5  0  1  1  0  2  0  0  2
   1]
 [ 0  0  0  0  0  0  0  0  1  0  2 49  0  1  0  0  1  0  0  0  0  0  1  0
   0]
 [ 0  0  0  0  1  0  1  1  0  0  2  0 43  1  1  0  1  0  0  1  2  0  0  1
   0]
 [ 1  1  0  0  2  0  0  0  2  0  1  0  2 40  1  2  0  0  1  0  0  1  1  0
   0]
 [ 0  2  1  0  5  4  0  0  0  0  0  0  0  0 36  0  0  0  0  0  0  1  5  0
   1]
 [ 0  0  0  0  0  0  0  2  0  0  1  0  0  2  2 46  0  0  0  0  2  0  0  0
   0]
 [ 0  0  0  0  1  1  1  0  0  0  0  0  1  0  0  1 46  0  0  1  0  2  0  0
   1]
 [ 3  0  0  0  3  0  0  0  1  1  0  0  0  0  0  1  0 45  1  0  0  0  0  0
   0]
 [16  2  7  3 14  1  1  5  0  0  0  2  0  0  1  0  0  0  0  0  0  0  3  0
   0]
 [ 1  0  0  0  0  1  1  0  0  4  0  0  0  0  0  0  0  0  0 47  0  1  0  0
   0]
 [ 1  0  0  0  0  0  1  0  1  2  3  1  0  0  0  1  1  0  0  0 42  0  2  0
   0]
 [ 0  2  2  0  1  1  2  1  0  2  0  0  0  1  2  0  3  1  0  0  0 37  0  0
   0]
 [ 4  8  0  3  7  1  1  0  0  0  1  1  0  0  1  0  1  0  0  2  0  0 24  0
   1]
 [ 1  1  0  0  1  1  1  1  1  1  2  0  0  1  1  0  0  0  1  0  4  1  0 35
   2]
 [ 0  1  1  0  0  0  1  0  1  0  0  0  0  0  0  0  0  0  0  0  1  0  0  2
  48]]

Epoch 31/32
----------------------------------------------------------------------------------------------------
train Loss: 0.00754400 Acc: 0.77810662

test Loss: 0.01215922 Acc: 0.67685590

['american_bulldog', 'american_pit_bull_terrier', 'basset_hound', 'beagle', 'boxer', 'chihuahua', 'english_cocker_spaniel', 'english_setter', 'german_shorthaired', 'great_pyrenees', 'havanese', 'japanese_chin', 'keeshond', 'leonberger', 'miniature_pinscher', 'newfoundland', 'pomeranian', 'pug', 'saint_bernard', 'samoyed', 'scottish_terrier', 'shiba_inu', 'staffordshire_bull_terrier', 'wheaten_terrier', 'yorkshire_terrier']
 Confusion Matrix:
 [[33  5  2  2  1  4  1  0  0  2  0  1  0  0  1  0  0  0  1  0  0  0  1  0
   0]
 [ 6 22  3  3  2  1  0  0  1  0  0  0  0  2  4  0  1  1  0  0  1  2  5  1
   0]
 [ 0  2 40  6  0  0  1  0  3  0  0  0  0  0  1  0  0  0  0  0  0  0  1  0
   1]
 [ 2  3  8 32  1  2  3  0  0  0  0  0  0  0  0  0  0  0  0  1  0  0  2  1
   0]
 [ 2  1  1  1 37  0  0  0  2  0  0  0  0  0  3  0  0  4  0  0  1  1  2  0
   0]
 [ 1  2  0  0  0 37  0  1  1  0  0  0  0  0  6  0  0  1  1  0  1  2  2  0
   0]
 [ 0  0  2  0  0  0 33  7  2  0  0  0  0  0  0  5  0  0  0  0  2  0  1  1
   2]
 [ 1  1  0  0  0  0  7 39  3  0  0  0  0  0  0  0  0  0  0  0  1  1  0  1
   1]
 [ 0  2  1  2  1  0  2  2 38  0  0  0  0  1  1  1  0  0  0  0  1  0  3  0
   0]
 [ 0  1  0  0  0  0  0  0  1 47  0  1  0  0  0  0  0  0  0  5  0  0  0  0
   0]
 [ 1  0  0  0  0  0  2  2  0  0 37  1  0  0  0  5  0  1  1  0  2  0  0  2
   1]
 [ 0  0  0  0  0  0  0  0  1  0  2 49  0  1  0  0  1  0  0  0  0  0  1  0
   0]
 [ 0  0  0  0  0  0  1  1  1  0  2  0 43  2  1  0  0  0  0  1  2  0  0  1
   0]
 [ 1  1  0  0  2  0  0  0  2  0  1  0  2 40  1  3  0  0  1  0  0  0  1  0
   0]
 [ 0  1  2  0  5  3  0  0  1  0  0  0  0  0 37  0  0  0  0  0  0  1  4  0
   1]
 [ 0  0  0  0  0  0  1  2  0  0  0  0  0  2  2 46  0  0  0  0  2  0  0  0
   0]
 [ 0  0  0  0  1  1  1  0  0  0  1  0  1  0  0  1 43  0  0  2  0  3  0  0
   1]
 [ 2  0  0  0  3  0  0  0  1  1  0  0  0  0  0  1  0 46  1  0  0  0  0  0
   0]
 [13  2  8  3 14  1  1  7  0  0  0  2  0  0  1  0  0  0  0  0  0  0  3  0
   0]
 [ 1  0  0  0  0  1  1  0  0  4  0  0  0  1  0  0  0  0  0 47  0  0  0  0
   0]
 [ 0  0  0  0  1  0  1  1  1  1  3  0  0  0  0  1  1  0  0  0 42  0  3  0
   0]
 [ 0  1  2  0  1  1  2  1  1  2  0  0  0  0  2  1  3  1  0  0  0 37  0  0
   0]
 [ 3  8  0  3  7  0  2  0  3  0  1  0  0  0  1  0  1  0  1  2  0  0 22  0
   1]
 [ 1  1  0  0  1  1  2  1  1  1  2  0  0  1  1  0  0  0  1  0  4  1  0 34
   2]
 [ 0  0  1  0  0  0  1  0  1  0  0  0  0  0  0  0  0  0  0  0  1  0  0  2
  49]]

Epoch 32/32
----------------------------------------------------------------------------------------------------
train Loss: 0.00757130 Acc: 0.77661765

test Loss: 0.01212138 Acc: 0.67612809

['american_bulldog', 'american_pit_bull_terrier', 'basset_hound', 'beagle', 'boxer', 'chihuahua', 'english_cocker_spaniel', 'english_setter', 'german_shorthaired', 'great_pyrenees', 'havanese', 'japanese_chin', 'keeshond', 'leonberger', 'miniature_pinscher', 'newfoundland', 'pomeranian', 'pug', 'saint_bernard', 'samoyed', 'scottish_terrier', 'shiba_inu', 'staffordshire_bull_terrier', 'wheaten_terrier', 'yorkshire_terrier']
 Confusion Matrix:
 [[33  5  1  3  1  4  1  0  0  2  0  1  0  0  1  0  0  0  1  0  0  0  1  0
   0]
 [ 6 23  3  3  3  1  0  0  1  0  0  0  0  2  3  0  1  1  0  0  1  2  4  1
   0]
 [ 0  3 38  8  0  0  1  0  2  0  0  1  0  0  1  0  0  0  0  0  0  0  1  0
   0]
 [ 2  2  7 36  1  2  2  0  0  0  0  0  0  0  0  0  0  0  0  1  0  0  1  1
   0]
 [ 3  2  2  2 35  0  0  0  2  0  0  0  0  1  3  0  0  2  0  0  1  1  1  0
   0]
 [ 1  2  0  0  0 39  0  1  1  0  0  0  0  0  4  0  0  1  1  0  1  2  2  0
   0]
 [ 0  0  2  0  0  0 33  7  2  0  0  0  0  0  0  5  0  0  0  0  2  0  1  1
   2]
 [ 1  1  0  0  0  0  7 40  2  0  0  0  1  0  0  0  0  0  0  0  1  1  0  1
   0]
 [ 0  3  3  2  1  1  1  2 35  0  0  0  0  1  1  1  0  0  0  0  1  0  3  0
   0]
 [ 4  1  0  0  0  0  0  0  1 45  0  1  0  0  0  0  0  0  0  3  0  0  0  0
   0]
 [ 1  0  0  0  0  0  2  2  0  0 37  1  0  0  0  5  0  1  1  0  2  0  0  2
   1]
 [ 0  0  0  0  0  0  0  0  1  0  2 49  0  1  0  0  1  0  0  0  0  0  1  0
   0]
 [ 0  0  0  0  0  0  1  1  0  0  2  0 44  2  1  0  1  0  0  1  2  0  0  0
   0]
 [ 1  1  0  0  2  0  0  0  2  0  1  0  2 41  1  2  0  0  1  0  0  0  1  0
   0]
 [ 0  1  3  0  3  5  0  0  0  0  0  0  0  0 36  0  0  0  0  0  0  1  5  0
   1]
 [ 0  0  0  0  0  0  0  2  1  0  0  0  0  3  2 46  0  0  0  0  1  0  0  0
   0]
 [ 0  0  0  0  1  1  1  0  0  0  0  0  1  0  0  1 46  0  0  0  0  3  0  0
   1]
 [ 3  0  0  0  3  0  0  0  1  1  0  0  0  0  0  1  0 45  1  0  0  0  0  0
   0]
 [14  3 11  3 12  1  1  6  0  0  0  2  0  0  0  0  0  0  1  0  0  0  1  0
   0]
 [ 1  0  0  0  0  1  1  0  0  4  0  0  0  0  0  0  0  0  0 47  0  1  0  0
   0]
 [ 1  0  0  0  0  0  1  1  1  1  2  2  0  0  1  1  1  0  0  0 41  0  2  0
   0]
 [ 0  1  2  1  1  1  2  1  1  2  0  0  0  1  2  0  2  1  0  0  0 37  0  0
   0]
 [ 4  9  0  3  7  0  1  0  3  0  1  1  0  0  1  0  1  0  0  2  0  0 21  0
   1]
 [ 1  1  0  0  1  1  1  1  2  1  2  0  0  1  1  0  0  0  2  0  4  1  0 33
   2]
 [ 0  1  1  0  0  0  1  0  1  0  0  0  0  0  0  0  0  0  0  0  1  0  0  2
  48]]


Training complete in 103m 27s
Best val Acc: 0.683406
